time	V(vo8)
0.000000000000000e+00	-6.097308e-01
1.999999992008394e-11	-6.097308e-01
1.599999993606716e-10	-6.097308e-01
1.814910594728697e-07	-6.097339e-01
3.628221189463787e-07	-6.097471e-01
5.441531784198877e-07	-6.097706e-01
7.254842378933966e-07	-6.098042e-01
9.068152973669056e-07	-6.098479e-01
1.088146356840415e-06	-6.099019e-01
1.269477416313923e-06	-6.099660e-01
2.269477416313923e-06	-6.104513e-01
3.269477416313923e-06	-6.111783e-01
4.269477416313923e-06	-6.121691e-01
5.269477416313923e-06	-6.134193e-01
6.269477416313922e-06	-6.149248e-01
7.269477416313922e-06	-6.166813e-01
8.269477416313922e-06	-6.186846e-01
9.269477416313922e-06	-6.209310e-01
1.026947741631392e-05	-6.234161e-01
1.126947741631392e-05	-6.261361e-01
1.326947741631392e-05	-6.322653e-01
1.526947741631393e-05	-6.392881e-01
1.826947741631393e-05	-6.514324e-01
2.126947741631393e-05	-6.654230e-01
2.369804884488536e-05	-6.781472e-01
2.612662027345678e-05	-6.918603e-01
2.855519170202821e-05	-7.065622e-01
3.098376313059964e-05	-7.222529e-01
3.341233455917107e-05	-7.389324e-01
3.584090598774249e-05	-7.566007e-01
3.826947741631392e-05	-7.752579e-01
4.541233455917104e-05	-8.364929e-01
5.255519170202817e-05	-9.020729e-01
5.969804884488529e-05	-9.719980e-01
6.684090598774242e-05	-1.046268e+00
7.398376313059954e-05	-1.124883e+00
8.112662027345667e-05	-1.207843e+00
8.826947741631378e-05	-1.295148e+00
9.884090598774232e-05	-1.428608e+00
1.094123345591709e-04	-1.561210e+00
1.199837631305994e-04	-1.692956e+00
1.305551917020280e-04	-1.823844e+00
1.411266202734565e-04	-1.953876e+00
1.516980488448851e-04	-2.083050e+00
1.622694774163136e-04	-2.211367e+00
1.728409059877421e-04	-2.333470e+00
1.834123345591707e-04	-2.448069e+00
1.939837631305992e-04	-2.555165e+00
2.045551917020278e-04	-2.654758e+00
2.151266202734563e-04	-2.746848e+00
2.256980488448848e-04	-2.831434e+00
2.362694774163134e-04	-2.908517e+00
2.441266202734564e-04	-2.958833e+00
2.519837631305994e-04	-3.003436e+00
2.598409059877425e-04	-3.042325e+00
2.676980488448855e-04	-3.075500e+00
2.755551917020285e-04	-3.102961e+00
2.834123345591715e-04	-3.124709e+00
2.912694774163145e-04	-3.140743e+00
3.026980488448863e-04	-3.152758e+00
3.141266202734579e-04	-3.152043e+00
3.255551917020296e-04	-3.138598e+00
3.369837631306014e-04	-3.112423e+00
3.484123345591731e-04	-3.073518e+00
3.598409059877448e-04	-3.021882e+00
3.712694774163165e-04	-2.957517e+00
3.832694774163168e-04	-2.875813e+00
3.952694774163171e-04	-2.782797e+00
4.072694774163173e-04	-2.678468e+00
4.192694774163176e-04	-2.562827e+00
4.312694774163179e-04	-2.435873e+00
4.432694774163182e-04	-2.297606e+00
4.552694774163185e-04	-2.148027e+00
4.616980488448901e-04	-2.064809e+00
4.681266202734617e-04	-1.979580e+00
4.745551917020332e-04	-1.892339e+00
4.809837631306049e-04	-1.803088e+00
4.874123345591764e-04	-1.711826e+00
4.938409059877480e-04	-1.618552e+00
5.002694774163196e-04	-1.523268e+00
5.024123345591768e-04	-1.491276e+00
5.045551917020340e-04	-1.459139e+00
5.066980488448912e-04	-1.426858e+00
5.088409059877484e-04	-1.394431e+00
5.109837631306056e-04	-1.361860e+00
5.131266202734627e-04	-1.329144e+00
5.152694774163200e-04	-1.296284e+00
5.222694774163201e-04	-1.187620e+00
5.292694774163203e-04	-1.078372e+00
5.362694774163205e-04	-9.685398e-01
5.432694774163206e-04	-8.581237e-01
5.502694774163208e-04	-7.471233e-01
5.572694774163210e-04	-6.355389e-01
5.642694774163212e-04	-5.233703e-01
5.689837631306070e-04	-4.481070e-01
5.736980488448928e-04	-3.731494e-01
5.784123345591787e-04	-2.984975e-01
5.831266202734645e-04	-2.241513e-01
5.878409059877503e-04	-1.501108e-01
5.925551917020361e-04	-7.637601e-02
5.972694774163220e-04	-2.946876e-03
6.015551917020363e-04	6.331584e-02
6.058409059877507e-04	1.289728e-01
6.101266202734651e-04	1.940240e-01
6.144123345591796e-04	2.584694e-01
6.186980488448939e-04	3.223091e-01
6.229837631306083e-04	3.855430e-01
6.272694774163227e-04	4.481711e-01
6.376980488448944e-04	5.984276e-01
6.481266202734660e-04	7.420420e-01
6.585551917020377e-04	8.790143e-01
6.689837631306094e-04	1.009344e+00
6.794123345591811e-04	1.133033e+00
6.898409059877529e-04	1.250079e+00
7.002694774163245e-04	1.360483e+00
7.086980488448961e-04	1.442912e+00
7.171266202734677e-04	1.519103e+00
7.255551917020393e-04	1.589056e+00
7.339837631306110e-04	1.652770e+00
7.424123345591827e-04	1.710246e+00
7.508409059877542e-04	1.761483e+00
7.592694774163259e-04	1.806482e+00
7.668409059877546e-04	1.840858e+00
7.744123345591835e-04	1.869565e+00
7.819837631306122e-04	1.892601e+00
7.895551917020409e-04	1.909967e+00
7.971266202734697e-04	1.921663e+00
8.046980488448985e-04	1.927689e+00
8.122694774163272e-04	1.928045e+00
8.251266202734703e-04	1.914475e+00
8.379837631306135e-04	1.885221e+00
8.508409059877567e-04	1.840282e+00
8.636980488448999e-04	1.779659e+00
8.765551917020430e-04	1.703351e+00
8.894123345591863e-04	1.611358e+00
9.022694774163294e-04	1.503682e+00
9.124123345591868e-04	1.408698e+00
9.225551917020441e-04	1.306642e+00
9.326980488449016e-04	1.197512e+00
9.428409059877589e-04	1.081310e+00
9.529837631306163e-04	9.580343e-01
9.631266202734738e-04	8.276857e-01
9.732694774163311e-04	6.902640e-01
9.776980488449022e-04	6.289834e-01
9.821266202734733e-04	5.668660e-01
9.865551917020445e-04	5.039119e-01
9.909837631306155e-04	4.401210e-01
9.954123345591866e-04	3.754934e-01
9.998409059877578e-04	3.100290e-01
1.004269477416329e-03	2.437278e-01
1.006269477416329e-03	2.136219e-01
1.008412334559186e-03	1.812065e-01
1.010555191702042e-03	1.486626e-01
1.012698048844900e-03	1.159901e-01
1.014840905987757e-03	8.318904e-02
1.016983763130614e-03	5.025946e-02
1.019126620273470e-03	1.720132e-02
1.021269477416327e-03	-1.598537e-02
1.026555191702041e-03	-9.848677e-02
1.031840905987755e-03	-1.813226e-01
1.037126620273469e-03	-2.644929e-01
1.042412334559183e-03	-3.479977e-01
1.047698048844897e-03	-4.318369e-01
1.052983763130611e-03	-5.160105e-01
1.058269477416324e-03	-6.005186e-01
1.068983763130609e-03	-7.731744e-01
1.079698048844894e-03	-9.432006e-01
1.090412334559179e-03	-1.110597e+00
1.101126620273463e-03	-1.275364e+00
1.111840905987748e-03	-1.437501e+00
1.122555191702033e-03	-1.597009e+00
1.133269477416318e-03	-1.753887e+00
1.145412334559174e-03	-1.925414e+00
1.157555191702030e-03	-2.087105e+00
1.169698048844886e-03	-2.238959e+00
1.181840905987742e-03	-2.380975e+00
1.193983763130599e-03	-2.513155e+00
1.206126620273455e-03	-2.635497e+00
1.218269477416311e-03	-2.748002e+00
1.224983763130596e-03	-2.803995e+00
1.231698048844881e-03	-2.855874e+00
1.238412334559166e-03	-2.903638e+00
1.245126620273451e-03	-2.947289e+00
1.251840905987737e-03	-2.986825e+00
1.258555191702022e-03	-3.022247e+00
1.265269477416307e-03	-3.053555e+00
1.274269477416306e-03	-3.088556e+00
1.283269477416305e-03	-3.115492e+00
1.292269477416305e-03	-3.134364e+00
1.301269477416304e-03	-3.145172e+00
1.310269477416303e-03	-3.147915e+00
1.319269477416302e-03	-3.142594e+00
1.328269477416302e-03	-3.129209e+00
1.342412334559158e-03	-3.090139e+00
1.356555191702013e-03	-3.033045e+00
1.370698048844869e-03	-2.957924e+00
1.384840905987725e-03	-2.864779e+00
1.398983763130581e-03	-2.753607e+00
1.413126620273437e-03	-2.624410e+00
1.427269477416293e-03	-2.477187e+00
1.435840905987721e-03	-2.381155e+00
1.444412334559149e-03	-2.280752e+00
1.452983763130577e-03	-2.175978e+00
1.461555191702005e-03	-2.066834e+00
1.470126620273432e-03	-1.953319e+00
1.478698048844860e-03	-1.835434e+00
1.487269477416288e-03	-1.713178e+00
1.489840905987717e-03	-1.676079e+00
1.492412334559145e-03	-1.638727e+00
1.494983763130573e-03	-1.601120e+00
1.497555191702002e-03	-1.563260e+00
1.500126620273430e-03	-1.525146e+00
1.502698048844858e-03	-1.486778e+00
1.505269477416287e-03	-1.448156e+00
1.507412334559144e-03	-1.415810e+00
1.509555191702001e-03	-1.383332e+00
1.511698048844858e-03	-1.350723e+00
1.513840905987715e-03	-1.317983e+00
1.515983763130572e-03	-1.285111e+00
1.518126620273428e-03	-1.252108e+00
1.520269477416285e-03	-1.218974e+00
1.528126620273428e-03	-1.095878e+00
1.535983763130570e-03	-9.723533e-01
1.543840905987712e-03	-8.483991e-01
1.551698048844854e-03	-7.240156e-01
1.559555191701997e-03	-5.992028e-01
1.567412334559139e-03	-4.739606e-01
1.575269477416281e-03	-3.482891e-01
1.578412334559138e-03	-2.984379e-01
1.581555191701994e-03	-2.487562e-01
1.584698048844851e-03	-1.992440e-01
1.587840905987708e-03	-1.499014e-01
1.590983763130565e-03	-1.007282e-01
1.594126620273422e-03	-5.172462e-02
1.597269477416279e-03	-2.890521e-03
1.601555191701993e-03	6.336845e-02
1.605840905987707e-03	1.290219e-01
1.610126620273421e-03	1.940697e-01
1.614412334559135e-03	2.585121e-01
1.618698048844849e-03	3.223488e-01
1.622983763130563e-03	3.855800e-01
1.627269477416276e-03	4.482057e-01
1.637698048844847e-03	5.984571e-01
1.648126620273417e-03	7.420669e-01
1.658555191701988e-03	8.790352e-01
1.668983763130559e-03	1.009362e+00
1.679412334559129e-03	1.133047e+00
1.689840905987700e-03	1.250091e+00
1.700269477416270e-03	1.360493e+00
1.708698048844841e-03	1.442921e+00
1.717126620273412e-03	1.519111e+00
1.725555191701982e-03	1.589063e+00
1.733983763130553e-03	1.652776e+00
1.742412334559124e-03	1.710251e+00
1.750840905987695e-03	1.761488e+00
1.759269477416265e-03	1.806486e+00
1.766840905987693e-03	1.840862e+00
1.774412334559121e-03	1.869568e+00
1.781983763130549e-03	1.892604e+00
1.789555191701977e-03	1.909970e+00
1.797126620273405e-03	1.921666e+00
1.804698048844833e-03	1.927691e+00
1.812269477416261e-03	1.928047e+00
1.825126620273403e-03	1.914477e+00
1.837983763130544e-03	1.885222e+00
1.850840905987686e-03	1.840283e+00
1.863698048844828e-03	1.779659e+00
1.876555191701970e-03	1.703351e+00
1.889412334559112e-03	1.611359e+00
1.902269477416253e-03	1.503682e+00
1.912412334559110e-03	1.408699e+00
1.922555191701967e-03	1.306642e+00
1.932698048844824e-03	1.197513e+00
1.942840905987681e-03	1.081310e+00
1.952983763130538e-03	9.580345e-01
1.963126620273395e-03	8.276859e-01
1.973269477416252e-03	6.902642e-01
1.977698048844824e-03	6.289835e-01
1.982126620273396e-03	5.668661e-01
1.986555191701968e-03	5.039120e-01
1.990983763130540e-03	4.401211e-01
1.995412334559112e-03	3.754935e-01
1.999840905987684e-03	3.100291e-01
2.004269477416256e-03	2.437279e-01
2.006555191701970e-03	2.092924e-01
2.008840905987685e-03	1.747059e-01
2.011126620273400e-03	1.399684e-01
2.013412334559114e-03	1.050800e-01
2.015698048844829e-03	7.004050e-02
2.017983763130543e-03	3.485005e-02
2.020269477416258e-03	-4.913775e-04
2.021555191701972e-03	-2.041975e-02
2.022840905987687e-03	-4.038331e-02
2.024126620273401e-03	-6.038207e-02
2.025412334559116e-03	-8.041603e-02
2.026698048844830e-03	-1.004852e-01
2.027983763130545e-03	-1.205895e-01
2.029269477416259e-03	-1.407291e-01
2.030269477416259e-03	-1.564118e-01
2.037840905987689e-03	-2.763708e-01
2.045412334559118e-03	-3.964050e-01
2.052983763130548e-03	-5.165143e-01
2.060555191701978e-03	-6.366987e-01
2.068126620273407e-03	-7.569583e-01
2.075698048844837e-03	-8.772931e-01
2.083269477416266e-03	-9.977031e-01
2.095840905987697e-03	-1.197301e+00
2.108412334559127e-03	-1.390349e+00
2.120983763130557e-03	-1.576844e+00
2.133555191701987e-03	-1.756789e+00
2.146126620273418e-03	-1.930182e+00
2.158698048844848e-03	-2.097024e+00
2.171269477416278e-03	-2.257314e+00
2.181269477416279e-03	-2.376294e+00
2.191269477416281e-03	-2.487299e+00
2.201269477416282e-03	-2.590330e+00
2.211269477416283e-03	-2.685386e+00
2.221269477416285e-03	-2.772469e+00
2.231269477416286e-03	-2.851577e+00
2.241269477416287e-03	-2.922711e+00
2.248555191702003e-03	-2.968312e+00
2.255840905987718e-03	-3.008792e+00
2.263126620273433e-03	-3.044148e+00
2.270412334559148e-03	-3.074382e+00
2.277698048844863e-03	-3.099494e+00
2.284983763130579e-03	-3.119482e+00
2.292269477416294e-03	-3.134349e+00
2.303840905987724e-03	-3.146560e+00
2.315412334559154e-03	-3.145585e+00
2.326983763130584e-03	-3.131425e+00
2.338555191702014e-03	-3.104079e+00
2.350126620273445e-03	-3.063548e+00
2.361698048844875e-03	-3.009831e+00
2.373269477416305e-03	-2.942929e+00
2.385126620273449e-03	-2.860500e+00
2.396983763130594e-03	-2.767063e+00
2.408840905987738e-03	-2.662617e+00
2.420698048844882e-03	-2.547161e+00
2.432555191702027e-03	-2.420698e+00
2.444412334559171e-03	-2.283225e+00
2.456269477416316e-03	-2.134743e+00
2.462555191702031e-03	-2.053099e+00
2.468840905987746e-03	-1.969539e+00
2.475126620273461e-03	-1.884062e+00
2.481412334559176e-03	-1.796670e+00
2.487698048844891e-03	-1.707361e+00
2.493983763130606e-03	-1.616136e+00
2.500269477416322e-03	-1.522995e+00
2.502412334559179e-03	-1.491013e+00
2.504555191702037e-03	-1.458885e+00
2.506698048844894e-03	-1.426613e+00
2.508840905987751e-03	-1.394195e+00
2.510983763130609e-03	-1.361632e+00
2.513126620273466e-03	-1.328924e+00
2.515269477416324e-03	-1.296070e+00
2.522269477416325e-03	-1.187429e+00
2.529269477416325e-03	-1.078201e+00
2.536269477416326e-03	-9.683880e-01
2.543269477416327e-03	-8.579885e-01
2.550269477416328e-03	-7.470030e-01
2.557269477416329e-03	-6.354315e-01
2.564269477416330e-03	-5.232740e-01
2.568983763130616e-03	-4.480177e-01
2.573698048844903e-03	-3.730667e-01
2.578412334559189e-03	-2.984210e-01
2.583126620273476e-03	-2.240805e-01
2.587840905987762e-03	-1.500452e-01
2.592555191702048e-03	-7.631524e-02
2.597269477416334e-03	-2.890521e-03
2.601555191702049e-03	6.336845e-02
2.605840905987764e-03	1.290219e-01
2.610126620273479e-03	1.940697e-01
2.614412334559194e-03	2.585121e-01
2.618698048844909e-03	3.223488e-01
2.622983763130624e-03	3.855800e-01
2.627269477416338e-03	4.482057e-01
2.637698048844911e-03	5.984571e-01
2.648126620273484e-03	7.420669e-01
2.658555191702057e-03	8.790352e-01
2.668983763130630e-03	1.009362e+00
2.679412334559202e-03	1.133047e+00
2.689840905987775e-03	1.250091e+00
2.700269477416348e-03	1.360493e+00
2.708698048844921e-03	1.442921e+00
2.717126620273493e-03	1.519111e+00
2.725555191702066e-03	1.589063e+00
2.733983763130638e-03	1.652776e+00
2.742412334559211e-03	1.710251e+00
2.750840905987784e-03	1.761488e+00
2.759269477416356e-03	1.806486e+00
2.766840905987786e-03	1.840862e+00
2.774412334559215e-03	1.869568e+00
2.781983763130645e-03	1.892604e+00
2.789555191702074e-03	1.909970e+00
2.797126620273504e-03	1.921666e+00
2.804698048844933e-03	1.927691e+00
2.812269477416363e-03	1.928047e+00
2.825126620273508e-03	1.914477e+00
2.837983763130652e-03	1.885222e+00
2.850840905987797e-03	1.840283e+00
2.863698048844941e-03	1.779659e+00
2.876555191702086e-03	1.703351e+00
2.889412334559230e-03	1.611359e+00
2.902269477416375e-03	1.503682e+00
2.912412334559233e-03	1.408699e+00
2.922555191702092e-03	1.306642e+00
2.932698048844950e-03	1.197513e+00
2.942840905987809e-03	1.081310e+00
2.952983763130667e-03	9.580345e-01
2.963126620273526e-03	8.276859e-01
2.973269477416384e-03	6.902642e-01
2.977698048844956e-03	6.289835e-01
2.982126620273529e-03	5.668661e-01
2.986555191702100e-03	5.039120e-01
2.990983763130672e-03	4.401211e-01
2.995412334559244e-03	3.754935e-01
2.999840905987817e-03	3.100291e-01
3.004269477416388e-03	2.437279e-01
3.006555191702103e-03	2.092924e-01
3.008840905987818e-03	1.747059e-01
3.011126620273532e-03	1.399684e-01
3.013412334559247e-03	1.050800e-01
3.015698048844961e-03	7.004050e-02
3.017983763130676e-03	3.485005e-02
3.020269477416391e-03	-4.913775e-04
3.024840905987820e-03	-7.165628e-02
3.029412334559249e-03	-1.431170e-01
3.033983763130678e-03	-2.148736e-01
3.038555191702107e-03	-2.869260e-01
3.043126620273537e-03	-3.592743e-01
3.047698048844966e-03	-4.319184e-01
3.052269477416395e-03	-5.048584e-01
3.054269477416395e-03	-5.367352e-01
3.064555191702111e-03	-7.024286e-01
3.074840905987827e-03	-8.660536e-01
3.085126620273542e-03	-1.027610e+00
3.095412334559258e-03	-1.187099e+00
3.105698048844973e-03	-1.344519e+00
3.115983763130689e-03	-1.499870e+00
3.126269477416405e-03	-1.653154e+00
3.138698048844978e-03	-1.832866e+00
3.151126620273551e-03	-2.002713e+00
3.163555191702124e-03	-2.162696e+00
3.175983763130697e-03	-2.312814e+00
3.188412334559270e-03	-2.453067e+00
3.200840905987843e-03	-2.583455e+00
3.213269477416416e-03	-2.703979e+00
3.220412334559274e-03	-2.766482e+00
3.227555191702132e-03	-2.824377e+00
3.234698048844990e-03	-2.877665e+00
3.241840905987849e-03	-2.926345e+00
3.248983763130707e-03	-2.970417e+00
3.256126620273565e-03	-3.009881e+00
3.263269477416423e-03	-3.044737e+00
3.271983763130710e-03	-3.080451e+00
3.280698048844996e-03	-3.108614e+00
3.289412334559283e-03	-3.129228e+00
3.298126620273571e-03	-3.142291e+00
3.306840905987857e-03	-3.147804e+00
3.315555191702144e-03	-3.145768e+00
3.324269477416431e-03	-3.136181e+00
3.338269477416433e-03	-3.103294e+00
3.352269477416435e-03	-3.052516e+00
3.366269477416437e-03	-2.983848e+00
3.380269477416438e-03	-2.897288e+00
3.394269477416440e-03	-2.792839e+00
3.408269477416442e-03	-2.670499e+00
3.422269477416444e-03	-2.530268e+00
3.431269477416445e-03	-2.432507e+00
3.440269477416446e-03	-2.329788e+00
3.449269477416448e-03	-2.222111e+00
3.458269477416449e-03	-2.109475e+00
3.467269477416450e-03	-1.991880e+00
3.476269477416451e-03	-1.869327e+00
3.485269477416452e-03	-1.741815e+00
3.488126620273596e-03	-1.700818e+00
3.490983763130739e-03	-1.659503e+00
3.493840905987882e-03	-1.617869e+00
3.496698048845025e-03	-1.575918e+00
3.499555191702169e-03	-1.533649e+00
3.502412334559312e-03	-1.491062e+00
3.505269477416455e-03	-1.448156e+00
3.507412334559312e-03	-1.415810e+00
3.509555191702170e-03	-1.383332e+00
3.511698048845027e-03	-1.350723e+00
3.513840905987885e-03	-1.317983e+00
3.515983763130742e-03	-1.285111e+00
3.518126620273600e-03	-1.252108e+00
3.520269477416457e-03	-1.218974e+00
3.528126620273601e-03	-1.095878e+00
3.535983763130745e-03	-9.723533e-01
3.543840905987889e-03	-8.483991e-01
3.551698048845032e-03	-7.240156e-01
3.559555191702177e-03	-5.992028e-01
3.567412334559320e-03	-4.739606e-01
3.575269477416464e-03	-3.482891e-01
3.578412334559322e-03	-2.984379e-01
3.581555191702179e-03	-2.487562e-01
3.584698048845037e-03	-1.992440e-01
3.587840905987895e-03	-1.499014e-01
3.590983763130752e-03	-1.007282e-01
3.594126620273610e-03	-5.172462e-02
3.597269477416467e-03	-2.890521e-03
3.601555191702182e-03	6.336845e-02
3.605840905987897e-03	1.290219e-01
3.610126620273612e-03	1.940697e-01
3.614412334559326e-03	2.585121e-01
3.618698048845041e-03	3.223488e-01
3.622983763130756e-03	3.855800e-01
3.627269477416471e-03	4.482057e-01
3.637698048845044e-03	5.984571e-01
3.648126620273617e-03	7.420669e-01
3.658555191702190e-03	8.790352e-01
3.668983763130762e-03	1.009362e+00
3.679412334559335e-03	1.133047e+00
3.689840905987908e-03	1.250091e+00
3.700269477416481e-03	1.360493e+00
3.708698048845053e-03	1.442921e+00
3.717126620273626e-03	1.519111e+00
3.725555191702199e-03	1.589063e+00
3.733983763130771e-03	1.652776e+00
3.742412334559343e-03	1.710251e+00
3.750840905987916e-03	1.761488e+00
3.759269477416489e-03	1.806486e+00
3.766840905987918e-03	1.840862e+00
3.774412334559348e-03	1.869568e+00
3.781983763130777e-03	1.892604e+00
3.789555191702207e-03	1.909970e+00
3.797126620273637e-03	1.921666e+00
3.804698048845066e-03	1.927691e+00
3.812269477416496e-03	1.928047e+00
3.825126620273640e-03	1.914477e+00
3.837983763130785e-03	1.885222e+00
3.850840905987930e-03	1.840283e+00
3.863698048845074e-03	1.779659e+00
3.876555191702219e-03	1.703351e+00
3.889412334559363e-03	1.611359e+00
3.902269477416508e-03	1.503682e+00
3.912412334559366e-03	1.408699e+00
3.922555191702225e-03	1.306642e+00
3.932698048845083e-03	1.197513e+00
3.942840905987941e-03	1.081310e+00
3.952983763130800e-03	9.580345e-01
3.963126620273658e-03	8.276859e-01
3.973269477416517e-03	6.902642e-01
3.977698048845089e-03	6.289835e-01
3.982126620273660e-03	5.668661e-01
3.986555191702232e-03	5.039120e-01
3.990983763130805e-03	4.401211e-01
3.995412334559377e-03	3.754935e-01
3.999840905987949e-03	3.100291e-01
4.004269477416521e-03	2.437279e-01
4.006555191702235e-03	2.092924e-01
4.008840905987950e-03	1.747059e-01
4.011126620273664e-03	1.399684e-01
4.013412334559379e-03	1.050800e-01
4.015698048845094e-03	7.004050e-02
4.017983763130809e-03	3.485005e-02
4.020269477416523e-03	-4.913775e-04
4.024840905987952e-03	-7.165628e-02
4.029412334559382e-03	-1.431170e-01
4.033983763130811e-03	-2.148736e-01
4.038555191702239e-03	-2.869260e-01
4.043126620273669e-03	-3.592743e-01
4.047698048845098e-03	-4.319184e-01
4.052269477416527e-03	-5.048584e-01
4.055840905987956e-03	-5.618613e-01
4.059412334559385e-03	-6.188168e-01
4.062983763130815e-03	-6.757249e-01
4.066555191702243e-03	-7.325856e-01
4.070126620273672e-03	-7.893988e-01
4.073698048845101e-03	-8.461646e-01
4.077269477416530e-03	-9.028829e-01
4.078269477416531e-03	-9.187189e-01
4.090412334559390e-03	-1.112485e+00
4.102555191702248e-03	-1.300686e+00
4.114698048845107e-03	-1.483321e+00
4.126840905987966e-03	-1.660391e+00
4.138983763130825e-03	-1.831896e+00
4.151126620273683e-03	-1.997835e+00
4.163269477416542e-03	-2.158209e+00
4.173698048845115e-03	-2.287755e+00
4.184126620273687e-03	-2.408905e+00
4.194555191702260e-03	-2.521659e+00
4.204983763130834e-03	-2.626018e+00
4.215412334559406e-03	-2.721982e+00
4.225840905987979e-03	-2.809550e+00
4.236269477416552e-03	-2.888722e+00
4.244126620273695e-03	-2.941339e+00
4.251983763130840e-03	-2.988032e+00
4.259840905987983e-03	-3.028802e+00
4.267698048845127e-03	-3.063647e+00
4.275555191702271e-03	-3.092569e+00
4.283412334559415e-03	-3.115567e+00
4.291269477416559e-03	-3.132641e+00
4.302698048845132e-03	-3.145953e+00
4.314126620273705e-03	-3.146383e+00
4.325555191702277e-03	-3.133932e+00
4.336983763130851e-03	-3.108598e+00
4.348412334559424e-03	-3.070383e+00
4.359840905987997e-03	-3.019286e+00
4.371269477416569e-03	-2.955307e+00
4.383269477416571e-03	-2.873971e+00
4.395269477416573e-03	-2.781279e+00
4.407269477416574e-03	-2.677229e+00
4.419269477416576e-03	-2.561823e+00
4.431269477416577e-03	-2.435060e+00
4.443269477416579e-03	-2.296939e+00
4.455269477416581e-03	-2.147462e+00
4.461698048845153e-03	-2.064299e+00
4.468126620273725e-03	-1.979120e+00
4.474555191702297e-03	-1.891926e+00
4.480983763130870e-03	-1.802716e+00
4.487412334559442e-03	-1.711491e+00
4.493840905988014e-03	-1.618251e+00
4.500269477416587e-03	-1.522995e+00
4.502412334559444e-03	-1.491013e+00
4.504555191702301e-03	-1.458885e+00
4.506698048845159e-03	-1.426613e+00
4.508840905988016e-03	-1.394195e+00
4.510983763130874e-03	-1.361632e+00
4.513126620273731e-03	-1.328924e+00
4.515269477416589e-03	-1.296070e+00
4.522269477416590e-03	-1.187429e+00
4.529269477416590e-03	-1.078201e+00
4.536269477416591e-03	-9.683880e-01
4.543269477416592e-03	-8.579885e-01
4.550269477416593e-03	-7.470030e-01
4.557269477416594e-03	-6.354315e-01
4.564269477416595e-03	-5.232740e-01
4.568983763130882e-03	-4.480177e-01
4.573698048845168e-03	-3.730667e-01
4.578412334559454e-03	-2.984210e-01
4.583126620273740e-03	-2.240805e-01
4.587840905988027e-03	-1.500452e-01
4.592555191702313e-03	-7.631524e-02
4.597269477416599e-03	-2.890521e-03
4.601555191702314e-03	6.336845e-02
4.605840905988029e-03	1.290219e-01
4.610126620273744e-03	1.940697e-01
4.614412334559459e-03	2.585121e-01
4.618698048845174e-03	3.223488e-01
4.622983763130889e-03	3.855800e-01
4.627269477416603e-03	4.482057e-01
4.637698048845176e-03	5.984571e-01
4.648126620273749e-03	7.420669e-01
4.658555191702322e-03	8.790352e-01
4.668983763130895e-03	1.009362e+00
4.679412334559468e-03	1.133047e+00
4.689840905988040e-03	1.250091e+00
4.700269477416613e-03	1.360493e+00
4.708698048845186e-03	1.442921e+00
4.717126620273758e-03	1.519111e+00
4.725555191702330e-03	1.589063e+00
4.733983763130904e-03	1.652776e+00
4.742412334559476e-03	1.710251e+00
4.750840905988049e-03	1.761488e+00
4.759269477416621e-03	1.806486e+00
4.766840905988051e-03	1.840862e+00
4.774412334559480e-03	1.869568e+00
4.781983763130910e-03	1.892604e+00
4.789555191702339e-03	1.909970e+00
4.797126620273769e-03	1.921666e+00
4.804698048845198e-03	1.927691e+00
4.812269477416628e-03	1.928047e+00
4.825126620273772e-03	1.914477e+00
4.837983763130918e-03	1.885222e+00
4.850840905988062e-03	1.840283e+00
4.863698048845206e-03	1.779659e+00
4.876555191702350e-03	1.703351e+00
4.889412334559496e-03	1.611359e+00
4.902269477416640e-03	1.503682e+00
4.912412334559499e-03	1.408699e+00
4.922555191702357e-03	1.306642e+00
4.932698048845215e-03	1.197513e+00
4.942840905988074e-03	1.081310e+00
4.952983763130933e-03	9.580345e-01
4.963126620273791e-03	8.276859e-01
4.973269477416649e-03	6.902642e-01
4.976840905988079e-03	6.409558e-01
4.980412334559508e-03	5.910813e-01
4.983983763130937e-03	5.406408e-01
4.987555191702365e-03	4.896343e-01
4.991126620273794e-03	4.380617e-01
4.994698048845224e-03	3.859231e-01
4.998269477416653e-03	3.332184e-01
4.999269477416653e-03	3.183954e-01
5.000000000000000e-03	3.075485e-01
