time	V(vin4)	V(vo4)
0.000000000000000e+00	-2.502934e-06	-6.097308e-01
9.999999960041972e-12	9.155072e-01	-6.097307e-01
1.999999992008394e-11	9.155072e-01	-6.097307e-01
2.942857131098067e-09	9.155072e-01	-6.097562e-01
5.865714262276050e-09	9.155072e-01	-6.098201e-01
8.788571393454033e-09	9.155072e-01	-6.099222e-01
1.171142852463202e-08	9.155071e-01	-6.100626e-01
1.463428565581000e-08	9.155071e-01	-6.102412e-01
1.755714278698798e-08	9.155070e-01	-6.104582e-01
2.047999991816596e-08	9.155070e-01	-6.107134e-01
4.095999983633192e-08	9.155064e-01	-6.131322e-01
6.961977130928241e-08	9.155053e-01	-6.181861e-01
1.093043625926989e-07	9.155030e-01	-6.275983e-01
1.624569221520270e-07	9.154993e-01	-6.429896e-01
2.302479102537208e-07	9.154940e-01	-6.652317e-01
3.114418247006014e-07	9.154871e-01	-6.938118e-01
5.545713433961011e-07	9.154658e-01	-7.830175e-01
7.601634187612589e-07	9.154476e-01	-8.590700e-01
1.094926628548265e-06	9.154181e-01	-9.826286e-01
1.764453048122276e-06	9.153593e-01	-1.228503e+00
2.764453048122276e-06	9.152722e-01	-1.593174e+00
3.764453048122276e-06	9.151859e-01	-1.954692e+00
4.764453048122276e-06	9.151005e-01	-2.312754e+00
5.764453048122276e-06	9.150159e-01	-2.667337e+00
6.764453048122275e-06	9.149321e-01	-3.018423e+00
7.764453048122276e-06	9.148492e-01	-3.365992e+00
8.764453048122276e-06	9.147671e-01	-3.710028e+00
9.764453048122277e-06	9.146859e-01	-4.050519e+00
1.076445304812228e-05	9.146055e-01	-4.387450e+00
1.176445304812228e-05	9.145260e-01	-4.720812e+00
1.376445304812228e-05	9.143696e-01	-5.376797e+00
1.576445304812228e-05	9.142165e-01	-6.018428e+00
1.876445304812228e-05	9.139934e-01	-6.953930e+00
1.976445304812228e-05	9.139208e-01	-7.258586e+00
2.076445304812228e-05	9.138490e-01	-7.559660e+00
2.276445304812228e-05	9.137080e-01	-8.151091e+00
2.362159590526514e-05	9.136485e-01	-8.406818e+00
2.447873876240800e-05	9.135897e-01	-8.655690e+00
2.533588161955086e-05	9.135315e-01	-8.897705e+00
2.619302447669371e-05	9.134740e-01	-9.132863e+00
2.705016733383657e-05	9.134173e-01	-9.361165e+00
2.790731019097943e-05	9.133611e-01	-9.582611e+00
2.876445304812229e-05	9.133057e-01	-9.797200e+00
2.976445304812229e-05	9.132801e-01	-9.921957e+00
3.162159590526514e-05	9.132750e-01	-9.946063e+00
3.347873876240799e-05	9.132706e-01	-9.964866e+00
3.533588161955085e-05	9.132669e-01	-9.978367e+00
3.719302447669370e-05	9.132640e-01	-9.986566e+00
3.905016733383655e-05	9.132618e-01	-9.989462e+00
4.090731019097940e-05	9.132604e-01	-9.987056e+00
4.276445304812225e-05	9.132597e-01	-9.979347e+00
4.847873876240795e-05	9.132545e-01	-9.979364e+00
5.419302447669365e-05	9.132493e-01	-9.979377e+00
5.990731019097936e-05	9.132441e-01	-9.979386e+00
6.562159590526505e-05	9.132388e-01	-9.979391e+00
7.133588161955075e-05	9.132336e-01	-9.979393e+00
7.705016733383646e-05	9.132284e-01	-9.979391e+00
8.276445304812214e-05	9.132231e-01	-9.979384e+00
9.147873876240784e-05	9.132152e-01	-9.979384e+00
1.001930244766935e-04	9.132072e-01	-9.979384e+00
1.089073101909792e-04	9.131992e-01	-9.979384e+00
1.176215959052649e-04	9.131912e-01	-9.979383e+00
1.263358816195506e-04	9.131832e-01	-9.979383e+00
1.350501673338363e-04	9.131753e-01	-9.979383e+00
1.437644530481220e-04	9.131673e-01	-9.979383e+00
1.553358816195505e-04	9.131567e-01	-9.979382e+00
1.669073101909790e-04	9.131461e-01	-9.979382e+00
1.784787387624076e-04	9.131355e-01	-9.979382e+00
1.900501673338361e-04	9.131249e-01	-9.979381e+00
2.016215959052647e-04	9.131143e-01	-9.979381e+00
2.131930244766932e-04	9.131037e-01	-9.979380e+00
2.247644530481217e-04	9.130931e-01	-9.979380e+00
2.321930244766933e-04	9.130863e-01	-9.979379e+00
2.396215959052648e-04	9.130795e-01	-9.979379e+00
2.470501673338364e-04	9.130727e-01	-9.979379e+00
2.544787387624079e-04	9.130659e-01	-9.979379e+00
2.619073101909794e-04	9.130591e-01	-9.979378e+00
2.693358816195510e-04	9.130523e-01	-9.979378e+00
2.767644530481225e-04	9.130455e-01	-9.979378e+00
2.797644530481226e-04	9.130428e-01	-9.979378e+00
2.827644530481226e-04	9.130400e-01	-9.979378e+00
2.857644530481227e-04	9.130373e-01	-9.979378e+00
2.887644530481228e-04	9.130346e-01	-9.979378e+00
2.917644530481229e-04	9.130318e-01	-9.979378e+00
2.947644530481229e-04	9.130290e-01	-9.979378e+00
2.977644530481230e-04	9.130263e-01	-9.979378e+00
3.027644530481231e-04	9.130217e-01	-9.979377e+00
3.077644530481232e-04	9.130171e-01	-9.979377e+00
3.127644530481234e-04	9.130125e-01	-9.979377e+00
3.177644530481235e-04	9.130080e-01	-9.979377e+00
3.227644530481236e-04	9.130034e-01	-9.979376e+00
3.277644530481237e-04	9.129988e-01	-9.979376e+00
3.327644530481239e-04	9.129943e-01	-9.979376e+00
3.464787387624099e-04	9.129817e-01	-9.979376e+00
3.601930244766960e-04	9.129691e-01	-9.979375e+00
3.739073101909820e-04	9.129566e-01	-9.979375e+00
3.876215959052680e-04	9.129440e-01	-9.979375e+00
4.013358816195541e-04	9.129314e-01	-9.979374e+00
4.150501673338402e-04	9.129189e-01	-9.979374e+00
4.287644530481262e-04	9.129063e-01	-9.979373e+00
4.370501673338407e-04	9.128988e-01	-9.979373e+00
4.453358816195552e-04	9.128912e-01	-9.979372e+00
4.536215959052697e-04	9.128836e-01	-9.979372e+00
4.619073101909841e-04	9.128760e-01	-9.979372e+00
4.701930244766987e-04	9.128684e-01	-9.979372e+00
4.784787387624131e-04	9.128608e-01	-9.979371e+00
4.867644530481276e-04	9.128532e-01	-9.979371e+00
4.894787387624133e-04	9.128508e-01	-9.979371e+00
4.921930244766991e-04	9.128483e-01	-9.979371e+00
4.949073101909849e-04	9.128458e-01	-9.979371e+00
4.976215959052707e-04	9.128434e-01	-9.979371e+00
5.003358816195564e-04	9.128409e-01	-9.979371e+00
5.030501673338422e-04	9.128384e-01	-9.979370e+00
5.057644530481280e-04	9.128358e-01	-9.979370e+00
5.077644530481281e-04	9.128340e-01	-9.979370e+00
5.097644530481281e-04	9.128322e-01	-9.979370e+00
5.117644530481281e-04	9.128304e-01	-9.979370e+00
5.137644530481282e-04	9.128285e-01	-9.979370e+00
5.157644530481282e-04	9.128267e-01	-9.979370e+00
5.177644530481283e-04	9.128249e-01	-9.979370e+00
5.197644530481283e-04	9.128230e-01	-9.979370e+00
5.261930244767000e-04	9.128172e-01	-9.979370e+00
5.326215959052715e-04	9.128113e-01	-9.979370e+00
5.390501673338431e-04	9.128054e-01	-9.979369e+00
5.454787387624147e-04	9.127995e-01	-9.979369e+00
5.519073101909863e-04	9.127936e-01	-9.979369e+00
5.583358816195578e-04	9.127877e-01	-9.979368e+00
5.647644530481294e-04	9.127818e-01	-9.979368e+00
5.670501673338438e-04	9.127797e-01	-9.979368e+00
5.693358816195581e-04	9.127776e-01	-9.979368e+00
5.716215959052724e-04	9.127755e-01	-9.979368e+00
5.739073101909868e-04	9.127735e-01	-9.979368e+00
5.761930244767012e-04	9.127714e-01	-9.979368e+00
5.784787387624155e-04	9.127693e-01	-9.979368e+00
5.807644530481298e-04	9.127672e-01	-9.979368e+00
5.886215959052728e-04	9.127600e-01	-9.979367e+00
5.964787387624159e-04	9.127528e-01	-9.979367e+00
6.043358816195589e-04	9.127456e-01	-9.979366e+00
6.121930244767020e-04	9.127384e-01	-9.979366e+00
6.200501673338451e-04	9.127312e-01	-9.979366e+00
6.279073101909882e-04	9.127240e-01	-9.979366e+00
6.357644530481312e-04	9.127169e-01	-9.979366e+00
6.479073101909886e-04	9.127057e-01	-9.979366e+00
6.600501673338460e-04	9.126946e-01	-9.979365e+00
6.721930244767035e-04	9.126835e-01	-9.979365e+00
6.843358816195609e-04	9.126724e-01	-9.979364e+00
6.964787387624184e-04	9.126613e-01	-9.979364e+00
7.086215959052759e-04	9.126501e-01	-9.979364e+00
7.207644530481332e-04	9.126390e-01	-9.979363e+00
7.266215959052762e-04	9.126337e-01	-9.979363e+00
7.324787387624192e-04	9.126283e-01	-9.979363e+00
7.383358816195622e-04	9.126229e-01	-9.979363e+00
7.441930244767053e-04	9.126176e-01	-9.979362e+00
7.500501673338482e-04	9.126122e-01	-9.979362e+00
7.559073101909913e-04	9.126068e-01	-9.979362e+00
7.617644530481342e-04	9.126015e-01	-9.979362e+00
7.641930244767057e-04	9.125993e-01	-9.979362e+00
7.666215959052772e-04	9.125971e-01	-9.979362e+00
7.690501673338487e-04	9.125948e-01	-9.979362e+00
7.714787387624202e-04	9.125926e-01	-9.979362e+00
7.739073101909917e-04	9.125904e-01	-9.979362e+00
7.763358816195631e-04	9.125882e-01	-9.979362e+00
7.787644530481346e-04	9.125859e-01	-9.979362e+00
7.859073101909920e-04	9.125794e-01	-9.979361e+00
7.930501673338493e-04	9.125728e-01	-9.979361e+00
8.001930244767066e-04	9.125663e-01	-9.979361e+00
8.073358816195639e-04	9.125598e-01	-9.979360e+00
8.144787387624212e-04	9.125532e-01	-9.979360e+00
8.216215959052786e-04	9.125467e-01	-9.979360e+00
8.287644530481359e-04	9.125401e-01	-9.979360e+00
8.411930244767076e-04	9.125288e-01	-9.979359e+00
8.536215959052793e-04	9.125174e-01	-9.979358e+00
8.660501673338510e-04	9.125060e-01	-9.979358e+00
8.784787387624228e-04	9.124946e-01	-9.979358e+00
8.909073101909946e-04	9.124833e-01	-9.979357e+00
9.033358816195663e-04	9.124719e-01	-9.979357e+00
9.157644530481380e-04	9.124605e-01	-9.979357e+00
9.249073101909953e-04	9.124521e-01	-9.979357e+00
9.340501673338526e-04	9.124437e-01	-9.979356e+00
9.431930244767099e-04	9.124354e-01	-9.979356e+00
9.523358816195672e-04	9.124270e-01	-9.979356e+00
9.614787387624245e-04	9.124186e-01	-9.979355e+00
9.706215959052818e-04	9.124103e-01	-9.979355e+00
9.797644530481391e-04	9.124019e-01	-9.979354e+00
9.827644530481388e-04	9.123992e-01	-9.979354e+00
9.857644530481386e-04	9.123964e-01	-9.979354e+00
9.887644530481383e-04	9.123937e-01	-9.979354e+00
9.917644530481381e-04	9.123909e-01	-9.979354e+00
9.947644530481378e-04	9.123882e-01	-9.979354e+00
9.977644530481376e-04	9.123854e-01	-9.979354e+00
1.000764453048137e-03	9.123827e-01	-9.979354e+00
1.001764453048137e-03	9.123818e-01	-9.979354e+00
1.004050167333851e-03	9.123797e-01	-9.979354e+00
1.006335881619565e-03	9.123776e-01	-9.979353e+00
1.008621595905279e-03	9.123755e-01	-9.979353e+00
1.010907310190994e-03	9.123734e-01	-9.979353e+00
1.013193024476708e-03	9.123713e-01	-9.979353e+00
1.015478738762422e-03	9.123692e-01	-9.979353e+00
1.017764453048136e-03	9.123671e-01	-9.979353e+00
1.022050167333850e-03	9.123632e-01	-9.979353e+00
1.026335881619564e-03	9.123593e-01	-9.979353e+00
1.030621595905278e-03	9.123554e-01	-9.979353e+00
1.034907310190992e-03	9.123514e-01	-9.979353e+00
1.039193024476705e-03	9.123475e-01	-9.979353e+00
1.043478738762420e-03	9.123436e-01	-9.979352e+00
1.047764453048133e-03	9.123397e-01	-9.979352e+00
1.050335881619562e-03	9.123373e-01	-9.979352e+00
1.052907310190990e-03	9.123349e-01	-9.979352e+00
1.055478738762419e-03	9.123326e-01	-9.979352e+00
1.058050167333847e-03	9.123302e-01	-9.979352e+00
1.060621595905275e-03	9.123279e-01	-9.979352e+00
1.063193024476703e-03	9.123255e-01	-9.979351e+00
1.065764453048132e-03	9.123232e-01	-9.979351e+00
1.074478738762417e-03	9.123152e-01	-9.979351e+00
1.083193024476702e-03	9.123072e-01	-9.979351e+00
1.091907310190987e-03	9.122993e-01	-9.979351e+00
1.100621595905272e-03	9.122913e-01	-9.979351e+00
1.109335881619557e-03	9.122833e-01	-9.979350e+00
1.118050167333842e-03	9.122753e-01	-9.979350e+00
1.126764453048127e-03	9.122673e-01	-9.979349e+00
1.139193024476697e-03	9.122560e-01	-9.979349e+00
1.151621595905267e-03	9.122446e-01	-9.979349e+00
1.164050167333838e-03	9.122332e-01	-9.979348e+00
1.176478738762408e-03	9.122218e-01	-9.979348e+00
1.188907310190979e-03	9.122104e-01	-9.979347e+00
1.201335881619549e-03	9.121991e-01	-9.979347e+00
1.213764453048119e-03	9.121877e-01	-9.979346e+00
1.220907310190976e-03	9.121812e-01	-9.979346e+00
1.228050167333832e-03	9.121746e-01	-9.979346e+00
1.235193024476689e-03	9.121681e-01	-9.979345e+00
1.242335881619546e-03	9.121615e-01	-9.979345e+00
1.249478738762402e-03	9.121550e-01	-9.979345e+00
1.256621595905259e-03	9.121485e-01	-9.979345e+00
1.263764453048115e-03	9.121419e-01	-9.979344e+00
1.268621595905258e-03	9.121375e-01	-9.979344e+00
1.273478738762400e-03	9.121330e-01	-9.979344e+00
1.278335881619543e-03	9.121286e-01	-9.979344e+00
1.283193024476685e-03	9.121241e-01	-9.979344e+00
1.288050167333827e-03	9.121197e-01	-9.979344e+00
1.292907310190970e-03	9.121153e-01	-9.979344e+00
1.297764453048112e-03	9.121108e-01	-9.979343e+00
1.302764453048112e-03	9.121062e-01	-9.979344e+00
1.307764453048112e-03	9.121016e-01	-9.979344e+00
1.312764453048111e-03	9.120971e-01	-9.979343e+00
1.317764453048111e-03	9.120925e-01	-9.979343e+00
1.322764453048110e-03	9.120879e-01	-9.979343e+00
1.327764453048110e-03	9.120833e-01	-9.979343e+00
1.332764453048109e-03	9.120787e-01	-9.979342e+00
1.346478738762394e-03	9.120662e-01	-9.979342e+00
1.360193024476678e-03	9.120536e-01	-9.979341e+00
1.373907310190963e-03	9.120411e-01	-9.979341e+00
1.387621595905248e-03	9.120285e-01	-9.979340e+00
1.401335881619532e-03	9.120160e-01	-9.979340e+00
1.415050167333817e-03	9.120034e-01	-9.979340e+00
1.428764453048101e-03	9.119908e-01	-9.979340e+00
1.437050167333815e-03	9.119832e-01	-9.979339e+00
1.445335881619529e-03	9.119757e-01	-9.979339e+00
1.453621595905242e-03	9.119681e-01	-9.979339e+00
1.461907310190956e-03	9.119605e-01	-9.979339e+00
1.470193024476669e-03	9.119529e-01	-9.979338e+00
1.478478738762383e-03	9.119454e-01	-9.979338e+00
1.486764453048096e-03	9.119378e-01	-9.979338e+00
1.489478738762382e-03	9.119353e-01	-9.979337e+00
1.492193024476667e-03	9.119328e-01	-9.979337e+00
1.494907310190953e-03	9.119303e-01	-9.979337e+00
1.497621595905238e-03	9.119278e-01	-9.979337e+00
1.500335881619524e-03	9.119253e-01	-9.979337e+00
1.503050167333809e-03	9.119229e-01	-9.979337e+00
1.505764453048095e-03	9.119204e-01	-9.979337e+00
1.507764453048095e-03	9.119185e-01	-9.979337e+00
1.509764453048095e-03	9.119167e-01	-9.979337e+00
1.511764453048094e-03	9.119148e-01	-9.979337e+00
1.513764453048094e-03	9.119130e-01	-9.979337e+00
1.515764453048094e-03	9.119112e-01	-9.979336e+00
1.517764453048094e-03	9.119094e-01	-9.979336e+00
1.519764453048094e-03	9.119076e-01	-9.979336e+00
1.526193024476665e-03	9.119017e-01	-9.979336e+00
1.532621595905235e-03	9.118958e-01	-9.979336e+00
1.539050167333806e-03	9.118899e-01	-9.979336e+00
1.545478738762377e-03	9.118840e-01	-9.979336e+00
1.551907310190948e-03	9.118781e-01	-9.979335e+00
1.558335881619519e-03	9.118722e-01	-9.979335e+00
1.564764453048090e-03	9.118664e-01	-9.979335e+00
1.567050167333804e-03	9.118643e-01	-9.979335e+00
1.569335881619518e-03	9.118622e-01	-9.979335e+00
1.571621595905232e-03	9.118601e-01	-9.979335e+00
1.573907310190946e-03	9.118580e-01	-9.979335e+00
1.576193024476660e-03	9.118559e-01	-9.979335e+00
1.578478738762375e-03	9.118538e-01	-9.979334e+00
1.580764453048089e-03	9.118517e-01	-9.979334e+00
1.588621595905231e-03	9.118445e-01	-9.979334e+00
1.596478738762373e-03	9.118373e-01	-9.979333e+00
1.604335881619515e-03	9.118301e-01	-9.979333e+00
1.612193024476657e-03	9.118229e-01	-9.979333e+00
1.620050167333800e-03	9.118157e-01	-9.979333e+00
1.627907310190942e-03	9.118085e-01	-9.979332e+00
1.635764453048084e-03	9.118013e-01	-9.979332e+00
1.647907310190940e-03	9.117902e-01	-9.979332e+00
1.660050167333796e-03	9.117791e-01	-9.979332e+00
1.672193024476652e-03	9.117680e-01	-9.979331e+00
1.684335881619508e-03	9.117569e-01	-9.979331e+00
1.696478738762365e-03	9.117457e-01	-9.979330e+00
1.708621595905221e-03	9.117346e-01	-9.979330e+00
1.720764453048077e-03	9.117235e-01	-9.979329e+00
1.726621595905219e-03	9.117182e-01	-9.979329e+00
1.732478738762362e-03	9.117128e-01	-9.979329e+00
1.738335881619504e-03	9.117075e-01	-9.979329e+00
1.744193024476646e-03	9.117021e-01	-9.979329e+00
1.750050167333788e-03	9.116967e-01	-9.979329e+00
1.755907310190931e-03	9.116914e-01	-9.979329e+00
1.761764453048073e-03	9.116860e-01	-9.979328e+00
1.764193024476645e-03	9.116838e-01	-9.979328e+00
1.766621595905216e-03	9.116815e-01	-9.979328e+00
1.769050167333787e-03	9.116793e-01	-9.979328e+00
1.771478738762358e-03	9.116771e-01	-9.979328e+00
1.773907310190929e-03	9.116749e-01	-9.979328e+00
1.776335881619501e-03	9.116727e-01	-9.979328e+00
1.778764453048072e-03	9.116704e-01	-9.979327e+00
1.785907310190928e-03	9.116639e-01	-9.979327e+00
1.793050167333785e-03	9.116573e-01	-9.979327e+00
1.800193024476641e-03	9.116508e-01	-9.979326e+00
1.807335881619498e-03	9.116442e-01	-9.979326e+00
1.814478738762355e-03	9.116377e-01	-9.979326e+00
1.821621595905211e-03	9.116312e-01	-9.979326e+00
1.828764453048068e-03	9.116247e-01	-9.979326e+00
1.841193024476638e-03	9.116133e-01	-9.979326e+00
1.853621595905208e-03	9.116019e-01	-9.979325e+00
1.866050167333779e-03	9.115905e-01	-9.979325e+00
1.878478738762349e-03	9.115791e-01	-9.979324e+00
1.890907310190920e-03	9.115677e-01	-9.979324e+00
1.903335881619490e-03	9.115563e-01	-9.979323e+00
1.915764453048060e-03	9.115450e-01	-9.979322e+00
1.924907310190917e-03	9.115366e-01	-9.979322e+00
1.934050167333775e-03	9.115283e-01	-9.979322e+00
1.943193024476632e-03	9.115199e-01	-9.979322e+00
1.952335881619489e-03	9.115115e-01	-9.979321e+00
1.961478738762346e-03	9.115032e-01	-9.979321e+00
1.970621595905203e-03	9.114948e-01	-9.979321e+00
1.979764453048061e-03	9.114864e-01	-9.979321e+00
1.983335881619490e-03	9.114831e-01	-9.979321e+00
1.986907310190919e-03	9.114798e-01	-9.979321e+00
1.990478738762348e-03	9.114766e-01	-9.979321e+00
1.994050167333777e-03	9.114733e-01	-9.979320e+00
1.997621595905206e-03	9.114700e-01	-9.979320e+00
2.001193024476635e-03	9.114668e-01	-9.979320e+00
2.004764453048064e-03	9.114635e-01	-9.979320e+00
2.006621595905207e-03	9.114618e-01	-9.979320e+00
2.008478738762350e-03	9.114601e-01	-9.979320e+00
2.010335881619493e-03	9.114584e-01	-9.979320e+00
2.012193024476636e-03	9.114567e-01	-9.979320e+00
2.014050167333780e-03	9.114550e-01	-9.979320e+00
2.015907310190922e-03	9.114533e-01	-9.979320e+00
2.017764453048066e-03	9.114516e-01	-9.979320e+00
2.025764453048067e-03	9.114443e-01	-9.979320e+00
2.029050167333782e-03	9.114413e-01	-9.979319e+00
2.032335881619496e-03	9.114383e-01	-9.979319e+00
2.035621595905211e-03	9.114353e-01	-9.979319e+00
2.038907310190925e-03	9.114322e-01	-9.979319e+00
2.042193024476640e-03	9.114292e-01	-9.979319e+00
2.045478738762355e-03	9.114262e-01	-9.979319e+00
2.048764453048070e-03	9.114232e-01	-9.979319e+00
2.053335881619499e-03	9.114190e-01	-9.979318e+00
2.057907310190928e-03	9.114149e-01	-9.979318e+00
2.062478738762357e-03	9.114107e-01	-9.979318e+00
2.067050167333787e-03	9.114065e-01	-9.979318e+00
2.071621595905216e-03	9.114023e-01	-9.979318e+00
2.076193024476645e-03	9.113981e-01	-9.979318e+00
2.080764453048074e-03	9.113939e-01	-9.979318e+00
2.091050167333790e-03	9.113845e-01	-9.979317e+00
2.101335881619505e-03	9.113751e-01	-9.979316e+00
2.111621595905221e-03	9.113657e-01	-9.979316e+00
2.121907310190936e-03	9.113563e-01	-9.979316e+00
2.132193024476652e-03	9.113469e-01	-9.979315e+00
2.142478738762368e-03	9.113374e-01	-9.979315e+00
2.152764453048084e-03	9.113280e-01	-9.979315e+00
2.163764453048085e-03	9.113180e-01	-9.979315e+00
2.174764453048086e-03	9.113079e-01	-9.979314e+00
2.185764453048088e-03	9.112978e-01	-9.979314e+00
2.196764453048089e-03	9.112878e-01	-9.979314e+00
2.207764453048091e-03	9.112777e-01	-9.979313e+00
2.218764453048092e-03	9.112676e-01	-9.979313e+00
2.229764453048094e-03	9.112575e-01	-9.979312e+00
2.237050167333809e-03	9.112509e-01	-9.979312e+00
2.244335881619524e-03	9.112442e-01	-9.979311e+00
2.251621595905240e-03	9.112375e-01	-9.979311e+00
2.258907310190955e-03	9.112309e-01	-9.979311e+00
2.266193024476670e-03	9.112242e-01	-9.979311e+00
2.273478738762385e-03	9.112175e-01	-9.979311e+00
2.280764453048101e-03	9.112108e-01	-9.979311e+00
2.284050167333815e-03	9.112078e-01	-9.979311e+00
2.287335881619530e-03	9.112048e-01	-9.979310e+00
2.290621595905245e-03	9.112018e-01	-9.979310e+00
2.293907310190959e-03	9.111988e-01	-9.979310e+00
2.297193024476674e-03	9.111958e-01	-9.979310e+00
2.300478738762389e-03	9.111928e-01	-9.979310e+00
2.303764453048104e-03	9.111898e-01	-9.979310e+00
2.308478738762390e-03	9.111855e-01	-9.979310e+00
2.313193024476676e-03	9.111811e-01	-9.979309e+00
2.317907310190962e-03	9.111768e-01	-9.979309e+00
2.322621595905249e-03	9.111725e-01	-9.979309e+00
2.327335881619535e-03	9.111682e-01	-9.979309e+00
2.332050167333822e-03	9.111639e-01	-9.979309e+00
2.336764453048108e-03	9.111596e-01	-9.979309e+00
2.350335881619538e-03	9.111471e-01	-9.979309e+00
2.363907310190969e-03	9.111347e-01	-9.979308e+00
2.377478738762399e-03	9.111223e-01	-9.979307e+00
2.391050167333830e-03	9.111099e-01	-9.979307e+00
2.404621595905260e-03	9.110974e-01	-9.979306e+00
2.418193024476690e-03	9.110850e-01	-9.979306e+00
2.431764453048121e-03	9.110726e-01	-9.979305e+00
2.439907310190979e-03	9.110652e-01	-9.979305e+00
2.448050167333837e-03	9.110577e-01	-9.979305e+00
2.456193024476695e-03	9.110502e-01	-9.979304e+00
2.464335881619554e-03	9.110428e-01	-9.979304e+00
2.472478738762412e-03	9.110353e-01	-9.979304e+00
2.480621595905270e-03	9.110279e-01	-9.979304e+00
2.488764453048128e-03	9.110204e-01	-9.979303e+00
2.491335881619557e-03	9.110180e-01	-9.979303e+00
2.493907310190986e-03	9.110157e-01	-9.979303e+00
2.496478738762415e-03	9.110133e-01	-9.979303e+00
2.499050167333844e-03	9.110110e-01	-9.979303e+00
2.501621595905273e-03	9.110086e-01	-9.979303e+00
2.504193024476702e-03	9.110063e-01	-9.979303e+00
2.506764453048131e-03	9.110039e-01	-9.979303e+00
2.508907310190988e-03	9.110020e-01	-9.979303e+00
2.511050167333845e-03	9.110000e-01	-9.979303e+00
2.513193024476703e-03	9.109981e-01	-9.979302e+00
2.515335881619560e-03	9.109961e-01	-9.979302e+00
2.517478738762418e-03	9.109941e-01	-9.979302e+00
2.519621595905275e-03	9.109922e-01	-9.979302e+00
2.521764453048133e-03	9.109902e-01	-9.979302e+00
2.527907310190990e-03	9.109846e-01	-9.979302e+00
2.534050167333849e-03	9.109789e-01	-9.979302e+00
2.540193024476706e-03	9.109733e-01	-9.979302e+00
2.546335881619565e-03	9.109677e-01	-9.979301e+00
2.552478738762422e-03	9.109621e-01	-9.979301e+00
2.558621595905280e-03	9.109565e-01	-9.979301e+00
2.564764453048138e-03	9.109508e-01	-9.979301e+00
2.567050167333853e-03	9.109487e-01	-9.979301e+00
2.569335881619568e-03	9.109467e-01	-9.979301e+00
2.571621595905282e-03	9.109446e-01	-9.979301e+00
2.573907310190996e-03	9.109425e-01	-9.979300e+00
2.576193024476711e-03	9.109404e-01	-9.979300e+00
2.578478738762426e-03	9.109383e-01	-9.979300e+00
2.580764453048140e-03	9.109362e-01	-9.979300e+00
2.588621595905284e-03	9.109290e-01	-9.979300e+00
2.596478738762428e-03	9.109218e-01	-9.979300e+00
2.604335881619572e-03	9.109146e-01	-9.979300e+00
2.612193024476716e-03	9.109074e-01	-9.979299e+00
2.620050167333860e-03	9.109002e-01	-9.979299e+00
2.627907310191004e-03	9.108930e-01	-9.979299e+00
2.635764453048148e-03	9.108858e-01	-9.979299e+00
2.647907310191006e-03	9.108747e-01	-9.979298e+00
2.660050167333865e-03	9.108636e-01	-9.979298e+00
2.672193024476724e-03	9.108525e-01	-9.979298e+00
2.684335881619583e-03	9.108414e-01	-9.979297e+00
2.696478738762441e-03	9.108303e-01	-9.979297e+00
2.708621595905300e-03	9.108192e-01	-9.979296e+00
2.720764453048159e-03	9.108080e-01	-9.979296e+00
2.726621595905303e-03	9.108027e-01	-9.979295e+00
2.732478738762446e-03	9.107973e-01	-9.979295e+00
2.738335881619590e-03	9.107919e-01	-9.979295e+00
2.744193024476733e-03	9.107866e-01	-9.979295e+00
2.750050167333877e-03	9.107812e-01	-9.979295e+00
2.755907310191021e-03	9.107758e-01	-9.979295e+00
2.761764453048164e-03	9.107705e-01	-9.979295e+00
2.764193024476736e-03	9.107682e-01	-9.979294e+00
2.766621595905308e-03	9.107660e-01	-9.979294e+00
2.769050167333880e-03	9.107638e-01	-9.979294e+00
2.771478738762451e-03	9.107616e-01	-9.979294e+00
2.773907310191023e-03	9.107593e-01	-9.979294e+00
2.776335881619595e-03	9.107571e-01	-9.979294e+00
2.778764453048167e-03	9.107549e-01	-9.979294e+00
2.785907310191025e-03	9.107484e-01	-9.979294e+00
2.793050167333883e-03	9.107418e-01	-9.979293e+00
2.800193024476741e-03	9.107353e-01	-9.979293e+00
2.807335881619599e-03	9.107288e-01	-9.979293e+00
2.814478738762457e-03	9.107222e-01	-9.979292e+00
2.821621595905315e-03	9.107157e-01	-9.979292e+00
2.828764453048173e-03	9.107091e-01	-9.979292e+00
2.841193024476746e-03	9.106978e-01	-9.979292e+00
2.853621595905320e-03	9.106864e-01	-9.979291e+00
2.866050167333893e-03	9.106750e-01	-9.979291e+00
2.878478738762466e-03	9.106636e-01	-9.979291e+00
2.890907310191039e-03	9.106523e-01	-9.979290e+00
2.903335881619612e-03	9.106409e-01	-9.979290e+00
2.915764453048185e-03	9.106295e-01	-9.979289e+00
2.924907310191043e-03	9.106211e-01	-9.979289e+00
2.934050167333902e-03	9.106127e-01	-9.979289e+00
2.943193024476760e-03	9.106044e-01	-9.979288e+00
2.952335881619618e-03	9.105960e-01	-9.979288e+00
2.961478738762477e-03	9.105876e-01	-9.979288e+00
2.970621595905335e-03	9.105793e-01	-9.979287e+00
2.979764453048193e-03	9.105709e-01	-9.979287e+00
2.983335881619623e-03	9.105676e-01	-9.979287e+00
2.986907310191051e-03	9.105644e-01	-9.979286e+00
2.990478738762480e-03	9.105611e-01	-9.979286e+00
2.994050167333910e-03	9.105578e-01	-9.979286e+00
2.997621595905339e-03	9.105546e-01	-9.979286e+00
3.001193024476767e-03	9.105513e-01	-9.979286e+00
3.004764453048197e-03	9.105480e-01	-9.979286e+00
3.006621595905340e-03	9.105463e-01	-9.979286e+00
3.008478738762483e-03	9.105446e-01	-9.979286e+00
3.010335881619626e-03	9.105429e-01	-9.979286e+00
3.012193024476769e-03	9.105412e-01	-9.979286e+00
3.014050167333912e-03	9.105395e-01	-9.979286e+00
3.015907310191055e-03	9.105378e-01	-9.979286e+00
3.017764453048198e-03	9.105361e-01	-9.979285e+00
3.022050167333913e-03	9.105322e-01	-9.979285e+00
3.026335881619628e-03	9.105283e-01	-9.979285e+00
3.030621595905343e-03	9.105244e-01	-9.979285e+00
3.034907310191058e-03	9.105204e-01	-9.979285e+00
3.039193024476773e-03	9.105165e-01	-9.979285e+00
3.043478738762487e-03	9.105126e-01	-9.979285e+00
3.047764453048202e-03	9.105086e-01	-9.979284e+00
3.049764453048203e-03	9.105068e-01	-9.979284e+00
3.055050167333918e-03	9.105019e-01	-9.979284e+00
3.060335881619633e-03	9.104971e-01	-9.979284e+00
3.065621595905348e-03	9.104923e-01	-9.979284e+00
3.070907310191062e-03	9.104874e-01	-9.979284e+00
3.076193024476777e-03	9.104826e-01	-9.979284e+00
3.081478738762492e-03	9.104778e-01	-9.979284e+00
3.086764453048208e-03	9.104729e-01	-9.979283e+00
3.097621595905352e-03	9.104630e-01	-9.979283e+00
3.108478738762496e-03	9.104530e-01	-9.979283e+00
3.119335881619641e-03	9.104431e-01	-9.979283e+00
3.130193024476785e-03	9.104332e-01	-9.979282e+00
3.141050167333929e-03	9.104232e-01	-9.979282e+00
3.151907310191073e-03	9.104133e-01	-9.979281e+00
3.162764453048218e-03	9.104034e-01	-9.979280e+00
3.173335881619648e-03	9.103937e-01	-9.979280e+00
3.183907310191077e-03	9.103840e-01	-9.979280e+00
3.194478738762507e-03	9.103744e-01	-9.979280e+00
3.205050167333938e-03	9.103647e-01	-9.979279e+00
3.215621595905368e-03	9.103550e-01	-9.979279e+00
3.226193024476797e-03	9.103453e-01	-9.979279e+00
3.236764453048227e-03	9.103356e-01	-9.979279e+00
3.243193024476800e-03	9.103297e-01	-9.979278e+00
3.249621595905372e-03	9.103239e-01	-9.979278e+00
3.256050167333944e-03	9.103180e-01	-9.979278e+00
3.262478738762517e-03	9.103121e-01	-9.979277e+00
3.268907310191089e-03	9.103062e-01	-9.979277e+00
3.275335881619661e-03	9.103003e-01	-9.979277e+00
3.281764453048233e-03	9.102944e-01	-9.979277e+00
3.285193024476805e-03	9.102913e-01	-9.979277e+00
3.288621595905377e-03	9.102882e-01	-9.979277e+00
3.292050167333949e-03	9.102850e-01	-9.979277e+00
3.295478738762521e-03	9.102819e-01	-9.979277e+00
3.298907310191093e-03	9.102787e-01	-9.979276e+00
3.302335881619665e-03	9.102756e-01	-9.979276e+00
3.305764453048237e-03	9.102724e-01	-9.979276e+00
3.310478738762523e-03	9.102681e-01	-9.979276e+00
3.315193024476809e-03	9.102638e-01	-9.979276e+00
3.319907310191095e-03	9.102595e-01	-9.979276e+00
3.324621595905382e-03	9.102552e-01	-9.979276e+00
3.329335881619668e-03	9.102509e-01	-9.979275e+00
3.334050167333955e-03	9.102466e-01	-9.979275e+00
3.338764453048241e-03	9.102423e-01	-9.979275e+00
3.352193024476814e-03	9.102299e-01	-9.979274e+00
3.365621595905388e-03	9.102176e-01	-9.979274e+00
3.379050167333961e-03	9.102053e-01	-9.979273e+00
3.392478738762534e-03	9.101930e-01	-9.979273e+00
3.405907310191107e-03	9.101807e-01	-9.979272e+00
3.419335881619680e-03	9.101685e-01	-9.979272e+00
3.432764453048253e-03	9.101562e-01	-9.979272e+00
3.440764453048255e-03	9.101489e-01	-9.979272e+00
3.448764453048256e-03	9.101415e-01	-9.979271e+00
3.456764453048257e-03	9.101342e-01	-9.979271e+00
3.464764453048258e-03	9.101269e-01	-9.979271e+00
3.472764453048259e-03	9.101196e-01	-9.979271e+00
3.480764453048260e-03	9.101123e-01	-9.979270e+00
3.488764453048261e-03	9.101049e-01	-9.979270e+00
3.491335881619690e-03	9.101026e-01	-9.979270e+00
3.493907310191119e-03	9.101002e-01	-9.979269e+00
3.496478738762548e-03	9.100978e-01	-9.979269e+00
3.499050167333977e-03	9.100955e-01	-9.979269e+00
3.501621595905406e-03	9.100931e-01	-9.979269e+00
3.504193024476834e-03	9.100908e-01	-9.979269e+00
3.506764453048263e-03	9.100884e-01	-9.979269e+00
3.508907310191121e-03	9.100865e-01	-9.979269e+00
3.511050167333978e-03	9.100845e-01	-9.979269e+00
3.513193024476835e-03	9.100825e-01	-9.979269e+00
3.515335881619693e-03	9.100806e-01	-9.979269e+00
3.517478738762550e-03	9.100786e-01	-9.979269e+00
3.519621595905408e-03	9.100767e-01	-9.979269e+00
3.521764453048265e-03	9.100747e-01	-9.979269e+00
3.527907310191123e-03	9.100691e-01	-9.979269e+00
3.534050167333981e-03	9.100634e-01	-9.979268e+00
3.540193024476839e-03	9.100578e-01	-9.979268e+00
3.546335881619697e-03	9.100522e-01	-9.979268e+00
3.552478738762555e-03	9.100465e-01	-9.979268e+00
3.558621595905413e-03	9.100409e-01	-9.979267e+00
3.564764453048271e-03	9.100353e-01	-9.979267e+00
3.567050167333986e-03	9.100332e-01	-9.979267e+00
3.569335881619700e-03	9.100311e-01	-9.979267e+00
3.571621595905415e-03	9.100290e-01	-9.979267e+00
3.573907310191129e-03	9.100269e-01	-9.979267e+00
3.576193024476844e-03	9.100248e-01	-9.979267e+00
3.578478738762558e-03	9.100227e-01	-9.979267e+00
3.580764453048273e-03	9.100206e-01	-9.979267e+00
3.588621595905417e-03	9.100135e-01	-9.979266e+00
3.596478738762561e-03	9.100063e-01	-9.979266e+00
3.604335881619705e-03	9.099991e-01	-9.979265e+00
3.612193024476849e-03	9.099919e-01	-9.979265e+00
3.620050167333993e-03	9.099847e-01	-9.979265e+00
3.627907310191136e-03	9.099775e-01	-9.979265e+00
3.635764453048280e-03	9.099703e-01	-9.979265e+00
3.647907310191139e-03	9.099592e-01	-9.979265e+00
3.660050167333998e-03	9.099481e-01	-9.979264e+00
3.672193024476857e-03	9.099370e-01	-9.979264e+00
3.684335881619716e-03	9.099259e-01	-9.979263e+00
3.696478738762574e-03	9.099147e-01	-9.979263e+00
3.708621595905433e-03	9.099036e-01	-9.979263e+00
3.720764453048292e-03	9.098925e-01	-9.979262e+00
3.726621595905436e-03	9.098871e-01	-9.979262e+00
3.732478738762579e-03	9.098818e-01	-9.979262e+00
3.738335881619723e-03	9.098764e-01	-9.979262e+00
3.744193024476866e-03	9.098710e-01	-9.979261e+00
3.750050167334010e-03	9.098657e-01	-9.979261e+00
3.755907310191153e-03	9.098603e-01	-9.979261e+00
3.761764453048297e-03	9.098549e-01	-9.979260e+00
3.764193024476869e-03	9.098527e-01	-9.979260e+00
3.766621595905441e-03	9.098505e-01	-9.979260e+00
3.769050167334012e-03	9.098483e-01	-9.979260e+00
3.771478738762584e-03	9.098461e-01	-9.979260e+00
3.773907310191156e-03	9.098439e-01	-9.979260e+00
3.776335881619728e-03	9.098416e-01	-9.979260e+00
3.778764453048299e-03	9.098394e-01	-9.979260e+00
3.785907310191157e-03	9.098329e-01	-9.979260e+00
3.793050167334016e-03	9.098263e-01	-9.979260e+00
3.800193024476874e-03	9.098198e-01	-9.979260e+00
3.807335881619732e-03	9.098132e-01	-9.979259e+00
3.814478738762590e-03	9.098067e-01	-9.979259e+00
3.821621595905448e-03	9.098002e-01	-9.979259e+00
3.828764453048306e-03	9.097936e-01	-9.979259e+00
3.841193024476879e-03	9.097822e-01	-9.979258e+00
3.853621595905452e-03	9.097709e-01	-9.979257e+00
3.866050167334025e-03	9.097595e-01	-9.979257e+00
3.878478738762598e-03	9.097481e-01	-9.979256e+00
3.890907310191171e-03	9.097367e-01	-9.979256e+00
3.903335881619744e-03	9.097254e-01	-9.979256e+00
3.915764453048317e-03	9.097140e-01	-9.979256e+00
3.924907310191176e-03	9.097056e-01	-9.979256e+00
3.934050167334033e-03	9.096972e-01	-9.979255e+00
3.943193024476892e-03	9.096888e-01	-9.979255e+00
3.952335881619751e-03	9.096805e-01	-9.979255e+00
3.961478738762609e-03	9.096721e-01	-9.979254e+00
3.970621595905467e-03	9.096637e-01	-9.979253e+00
3.979764453048326e-03	9.096554e-01	-9.979253e+00
3.983335881619755e-03	9.096521e-01	-9.979253e+00
3.986907310191184e-03	9.096489e-01	-9.979253e+00
3.990478738762613e-03	9.096456e-01	-9.979253e+00
3.994050167334041e-03	9.096423e-01	-9.979253e+00
3.997621595905471e-03	9.096390e-01	-9.979253e+00
4.001193024476900e-03	9.096358e-01	-9.979253e+00
4.004764453048329e-03	9.096325e-01	-9.979253e+00
4.006621595905472e-03	9.096308e-01	-9.979252e+00
4.008478738762616e-03	9.096291e-01	-9.979252e+00
4.010335881619758e-03	9.096274e-01	-9.979252e+00
4.012193024476901e-03	9.096257e-01	-9.979252e+00
4.014050167334044e-03	9.096240e-01	-9.979252e+00
4.015907310191188e-03	9.096223e-01	-9.979252e+00
4.017764453048331e-03	9.096206e-01	-9.979252e+00
4.022050167334045e-03	9.096167e-01	-9.979252e+00
4.026335881619761e-03	9.096127e-01	-9.979252e+00
4.030621595905475e-03	9.096088e-01	-9.979252e+00
4.034907310191190e-03	9.096049e-01	-9.979252e+00
4.039193024476905e-03	9.096010e-01	-9.979252e+00
4.043478738762620e-03	9.095971e-01	-9.979251e+00
4.047764453048335e-03	9.095932e-01	-9.979251e+00
4.050335881619764e-03	9.095908e-01	-9.979251e+00
4.052907310191193e-03	9.095884e-01	-9.979251e+00
4.055478738762622e-03	9.095861e-01	-9.979251e+00
4.058050167334050e-03	9.095837e-01	-9.979251e+00
4.060621595905479e-03	9.095813e-01	-9.979251e+00
4.063193024476908e-03	9.095790e-01	-9.979250e+00
4.065764453048337e-03	9.095767e-01	-9.979250e+00
4.073764453048338e-03	9.095693e-01	-9.979250e+00
4.083335881619768e-03	9.095606e-01	-9.979250e+00
4.092907310191198e-03	9.095518e-01	-9.979249e+00
4.102478738762628e-03	9.095431e-01	-9.979249e+00
4.112050167334057e-03	9.095343e-01	-9.979249e+00
4.121621595905487e-03	9.095255e-01	-9.979249e+00
4.131193024476917e-03	9.095168e-01	-9.979248e+00
4.140764453048347e-03	9.095080e-01	-9.979248e+00
4.152478738762635e-03	9.094973e-01	-9.979247e+00
4.164193024476921e-03	9.094865e-01	-9.979247e+00
4.175907310191209e-03	9.094758e-01	-9.979246e+00
4.187621595905496e-03	9.094651e-01	-9.979246e+00
4.199335881619783e-03	9.094544e-01	-9.979246e+00
4.211050167334070e-03	9.094437e-01	-9.979245e+00
4.222764453048358e-03	9.094329e-01	-9.979245e+00
4.229478738762645e-03	9.094268e-01	-9.979245e+00
4.236193024476931e-03	9.094206e-01	-9.979245e+00
4.242907310191218e-03	9.094144e-01	-9.979244e+00
4.249621595905504e-03	9.094083e-01	-9.979244e+00
4.256335881619791e-03	9.094022e-01	-9.979244e+00
4.263050167334077e-03	9.093960e-01	-9.979244e+00
4.269764453048364e-03	9.093899e-01	-9.979243e+00
4.273478738762651e-03	9.093865e-01	-9.979243e+00
4.277193024476936e-03	9.093831e-01	-9.979243e+00
4.280907310191223e-03	9.093797e-01	-9.979243e+00
4.284621595905509e-03	9.093763e-01	-9.979243e+00
4.288335881619795e-03	9.093729e-01	-9.979243e+00
4.292050167334081e-03	9.093695e-01	-9.979243e+00
4.295764453048368e-03	9.093661e-01	-9.979242e+00
4.300907310191226e-03	9.093614e-01	-9.979242e+00
4.306050167334083e-03	9.093567e-01	-9.979242e+00
4.311193024476941e-03	9.093520e-01	-9.979242e+00
4.316335881619799e-03	9.093473e-01	-9.979242e+00
4.321478738762657e-03	9.093426e-01	-9.979242e+00
4.326621595905514e-03	9.093378e-01	-9.979242e+00
4.331764453048372e-03	9.093331e-01	-9.979241e+00
4.345621595905517e-03	9.093205e-01	-9.979241e+00
4.359478738762662e-03	9.093078e-01	-9.979240e+00
4.373335881619807e-03	9.092951e-01	-9.979240e+00
4.387193024476951e-03	9.092824e-01	-9.979239e+00
4.401050167334095e-03	9.092697e-01	-9.979239e+00
4.414907310191241e-03	9.092570e-01	-9.979238e+00
4.428764453048385e-03	9.092443e-01	-9.979238e+00
4.437050167334100e-03	9.092367e-01	-9.979238e+00
4.445335881619816e-03	9.092291e-01	-9.979238e+00
4.453621595905531e-03	9.092216e-01	-9.979238e+00
4.461907310191247e-03	9.092140e-01	-9.979237e+00
4.470193024476962e-03	9.092064e-01	-9.979237e+00
4.478478738762678e-03	9.091988e-01	-9.979236e+00
4.486764453048393e-03	9.091913e-01	-9.979236e+00
4.489478738762679e-03	9.091888e-01	-9.979236e+00
4.492193024476965e-03	9.091863e-01	-9.979236e+00
4.494907310191251e-03	9.091838e-01	-9.979236e+00
4.497621595905537e-03	9.091813e-01	-9.979236e+00
4.500335881619823e-03	9.091788e-01	-9.979236e+00
4.503050167334109e-03	9.091763e-01	-9.979236e+00
4.505764453048395e-03	9.091738e-01	-9.979236e+00
4.507764453048396e-03	9.091720e-01	-9.979235e+00
4.509764453048396e-03	9.091702e-01	-9.979235e+00
4.511764453048396e-03	9.091683e-01	-9.979235e+00
4.513764453048397e-03	9.091665e-01	-9.979235e+00
4.515764453048397e-03	9.091647e-01	-9.979235e+00
4.517764453048397e-03	9.091628e-01	-9.979235e+00
4.519764453048397e-03	9.091610e-01	-9.979235e+00
4.526193024476969e-03	9.091551e-01	-9.979234e+00
4.532621595905542e-03	9.091492e-01	-9.979234e+00
4.539050167334114e-03	9.091434e-01	-9.979234e+00
4.545478738762687e-03	9.091375e-01	-9.979234e+00
4.551907310191259e-03	9.091316e-01	-9.979234e+00
4.558335881619831e-03	9.091257e-01	-9.979234e+00
4.564764453048403e-03	9.091198e-01	-9.979234e+00
4.567050167334117e-03	9.091177e-01	-9.979233e+00
4.569335881619833e-03	9.091157e-01	-9.979233e+00
4.571621595905547e-03	9.091136e-01	-9.979233e+00
4.573907310191262e-03	9.091115e-01	-9.979233e+00
4.576193024476976e-03	9.091094e-01	-9.979233e+00
4.578478738762691e-03	9.091073e-01	-9.979233e+00
4.580764453048405e-03	9.091052e-01	-9.979233e+00
4.588621595905549e-03	9.090980e-01	-9.979233e+00
4.596478738762694e-03	9.090908e-01	-9.979232e+00
4.604335881619837e-03	9.090836e-01	-9.979232e+00
4.612193024476981e-03	9.090764e-01	-9.979232e+00
4.620050167334125e-03	9.090692e-01	-9.979231e+00
4.627907310191269e-03	9.090620e-01	-9.979231e+00
4.635764453048413e-03	9.090548e-01	-9.979231e+00
4.647907310191272e-03	9.090437e-01	-9.979231e+00
4.660050167334130e-03	9.090326e-01	-9.979230e+00
4.672193024476989e-03	9.090215e-01	-9.979230e+00
4.684335881619848e-03	9.090103e-01	-9.979230e+00
4.696478738762707e-03	9.089992e-01	-9.979229e+00
4.708621595905565e-03	9.089881e-01	-9.979229e+00
4.720764453048424e-03	9.089770e-01	-9.979228e+00
4.726621595905567e-03	9.089716e-01	-9.979228e+00
4.732478738762712e-03	9.089663e-01	-9.979227e+00
4.738335881619855e-03	9.089609e-01	-9.979227e+00
4.744193024476998e-03	9.089556e-01	-9.979227e+00
4.750050167334142e-03	9.089502e-01	-9.979227e+00
4.755907310191286e-03	9.089449e-01	-9.979227e+00
4.761764453048429e-03	9.089395e-01	-9.979227e+00
4.764193024477001e-03	9.089372e-01	-9.979227e+00
4.766621595905573e-03	9.089350e-01	-9.979226e+00
4.769050167334144e-03	9.089328e-01	-9.979226e+00
4.771478738762717e-03	9.089306e-01	-9.979226e+00
4.773907310191288e-03	9.089283e-01	-9.979226e+00
4.776335881619860e-03	9.089261e-01	-9.979226e+00
4.778764453048432e-03	9.089239e-01	-9.979226e+00
4.785907310191290e-03	9.089174e-01	-9.979226e+00
4.793050167334147e-03	9.089108e-01	-9.979226e+00
4.800193024477006e-03	9.089042e-01	-9.979225e+00
4.807335881619864e-03	9.088977e-01	-9.979225e+00
4.814478738762723e-03	9.088912e-01	-9.979225e+00
4.821621595905580e-03	9.088847e-01	-9.979224e+00
4.828764453048438e-03	9.088781e-01	-9.979224e+00
4.841193024477011e-03	9.088667e-01	-9.979224e+00
4.853621595905584e-03	9.088554e-01	-9.979224e+00
4.866050167334157e-03	9.088440e-01	-9.979223e+00
4.878478738762731e-03	9.088326e-01	-9.979223e+00
4.890907310191304e-03	9.088212e-01	-9.979223e+00
4.903335881619877e-03	9.088098e-01	-9.979222e+00
4.915764453048450e-03	9.087985e-01	-9.979221e+00
4.924907310191308e-03	9.087901e-01	-9.979221e+00
4.934050167334166e-03	9.087817e-01	-9.979221e+00
4.943193024477025e-03	9.087734e-01	-9.979221e+00
4.952335881619883e-03	9.087650e-01	-9.979220e+00
4.961478738762742e-03	9.087566e-01	-9.979220e+00
4.970621595905600e-03	9.087482e-01	-9.979220e+00
4.979764453048458e-03	9.087399e-01	-9.979219e+00
4.999764453048461e-03	9.087216e-01	-9.979218e+00
5.000000000000000e-03	9.087213e-01	-9.979218e+00
