time	V(vout)
0.000000000000000e+00	-2.167284e-03
3.999999984016789e-11	-2.167284e-03
3.999999984016790e-10	-2.167283e-03
7.599999969631901e-10	-2.167283e-03
1.119999995524701e-09	-2.167283e-03
1.479999994086212e-09	-2.167282e-03
1.839999992647723e-09	-2.167282e-03
2.199999991209235e-09	-2.167282e-03
2.559999989770745e-09	-2.167281e-03
1.835482023217926e-07	-2.191600e-03
3.645364046538144e-07	-2.281902e-03
5.455246069858362e-07	-2.438190e-03
7.265128093178582e-07	-2.660461e-03
9.075010116498801e-07	-2.948717e-03
1.088489213981902e-06	-3.302957e-03
1.269477416313923e-06	-3.723182e-03
2.269477416313923e-06	-6.804336e-03
3.269477416313923e-06	-1.124442e-02
4.269477416313923e-06	-1.704937e-02
5.269477416313923e-06	-2.407201e-02
6.269477416313922e-06	-3.218090e-02
7.269477416313922e-06	-4.125871e-02
8.269477416313922e-06	-5.120064e-02
9.269477416313922e-06	-6.191314e-02
1.026947741631392e-05	-7.331263e-02
1.126947741631392e-05	-8.532446e-02
1.326947741631392e-05	-1.109256e-01
1.526947741631393e-05	-1.382638e-01
1.826947741631393e-05	-1.817577e-01
2.126947741631393e-05	-2.274340e-01
2.369804884488536e-05	-2.658954e-01
2.612662027345678e-05	-3.047027e-01
2.855519170202821e-05	-3.438558e-01
3.098376313059964e-05	-3.833547e-01
3.341233455917107e-05	-4.231996e-01
3.584090598774249e-05	-4.633902e-01
3.826947741631392e-05	-5.039268e-01
4.569804884488533e-05	-6.281185e-01
5.312662027345674e-05	-7.504476e-01
6.055519170202815e-05	-8.709143e-01
6.798376313059955e-05	-9.895184e-01
7.541233455917096e-05	-1.106260e+00
8.284090598774239e-05	-1.221139e+00
9.026947741631377e-05	-1.334156e+00
1.045551917020280e-04	-1.544996e+00
1.188409059877423e-04	-1.739871e+00
1.331266202734565e-04	-1.918783e+00
1.474123345591708e-04	-2.081730e+00
1.616980488448851e-04	-2.228714e+00
1.759837631305993e-04	-2.359733e+00
1.902694774163135e-04	-2.474788e+00
1.991266202734564e-04	-2.534513e+00
2.079837631305993e-04	-2.586072e+00
2.168409059877421e-04	-2.629466e+00
2.256980488448850e-04	-2.664695e+00
2.345551917020278e-04	-2.691759e+00
2.434123345591707e-04	-2.710658e+00
2.522694774163136e-04	-2.721391e+00
2.592694774163137e-04	-2.723671e+00
2.662694774163139e-04	-2.720731e+00
2.732694774163141e-04	-2.712572e+00
2.802694774163143e-04	-2.699193e+00
2.872694774163144e-04	-2.680594e+00
2.942694774163146e-04	-2.656776e+00
3.012694774163148e-04	-2.627738e+00
3.135551917020293e-04	-2.563171e+00
3.258409059877440e-04	-2.484763e+00
3.381266202734585e-04	-2.392513e+00
3.504123345591731e-04	-2.286423e+00
3.626980488448877e-04	-2.166491e+00
3.749837631306023e-04	-2.032718e+00
3.872694774163169e-04	-1.885104e+00
3.984123345591743e-04	-1.741045e+00
4.095551917020317e-04	-1.590406e+00
4.206980488448891e-04	-1.433188e+00
4.318409059877465e-04	-1.269390e+00
4.429837631306039e-04	-1.099013e+00
4.541266202734613e-04	-9.220561e-01
4.652694774163188e-04	-7.385201e-01
4.706980488448903e-04	-6.484773e-01
4.761266202734619e-04	-5.579475e-01
4.815551917020334e-04	-4.669308e-01
4.869837631306050e-04	-3.754271e-01
4.924123345591766e-04	-2.834365e-01
4.978409059877481e-04	-1.909589e-01
5.032694774163197e-04	-9.799433e-02
5.056980488448912e-04	-5.645769e-02
5.081266202734626e-04	-1.493256e-02
5.105551917020341e-04	2.658106e-02
5.129837631306056e-04	6.808318e-02
5.154123345591772e-04	1.095738e-01
5.178409059877486e-04	1.510529e-01
5.202694774163201e-04	1.925205e-01
5.281266202734631e-04	3.270396e-01
5.359837631306062e-04	4.599584e-01
5.438409059877492e-04	5.912771e-01
5.516980488448923e-04	7.209956e-01
5.595551917020353e-04	8.491139e-01
5.674123345591784e-04	9.756320e-01
5.752694774163214e-04	1.100550e+00
5.885551917020360e-04	1.307254e+00
6.018409059877506e-04	1.501707e+00
6.151266202734653e-04	1.683906e+00
6.284123345591799e-04	1.853853e+00
6.416980488448945e-04	2.011548e+00
6.549837631306091e-04	2.156990e+00
6.682694774163237e-04	2.290179e+00
6.786980488448954e-04	2.382005e+00
6.891266202734671e-04	2.462870e+00
6.995551917020387e-04	2.532772e+00
7.099837631306104e-04	2.591714e+00
7.204123345591821e-04	2.639694e+00
7.308409059877537e-04	2.676712e+00
7.412694774163255e-04	2.702769e+00
7.489837631306114e-04	2.714118e+00
7.566980488448973e-04	2.719102e+00
7.644123345591832e-04	2.717720e+00
7.721266202734690e-04	2.709973e+00
7.798409059877549e-04	2.695861e+00
7.875551917020409e-04	2.675383e+00
7.952694774163268e-04	2.648540e+00
8.068409059877556e-04	2.595586e+00
8.184123345591845e-04	2.529970e+00
8.299837631306133e-04	2.451694e+00
8.415551917020422e-04	2.360756e+00
8.531266202734711e-04	2.257158e+00
8.646980488448999e-04	2.140899e+00
8.762694774163287e-04	2.011979e+00
8.879837631306148e-04	1.869715e+00
8.996980488449008e-04	1.719477e+00
9.114123345591868e-04	1.561265e+00
9.231266202734728e-04	1.395078e+00
9.348409059877587e-04	1.220916e+00
9.465551917020447e-04	1.038780e+00
9.582694774163307e-04	8.486701e-01
9.644123345591876e-04	7.479010e-01
9.705551917020445e-04	6.463959e-01
9.766980488449015e-04	5.441547e-01
9.828409059877584e-04	4.411773e-01
9.889837631306153e-04	3.374639e-01
9.951266202734722e-04	2.330144e-01
1.001269477416329e-03	1.278288e-01
1.006269477416329e-03	4.237604e-02
1.008840905987757e-03	-1.622207e-03
1.011412334559185e-03	-4.559195e-02
1.013983763130614e-03	-8.953317e-02
1.016555191702042e-03	-1.334459e-01
1.019126620273470e-03	-1.773301e-01
1.021698048844899e-03	-2.211858e-01
1.024269477416327e-03	-2.650130e-01
1.032840905987755e-03	-4.114730e-01
1.041412334559183e-03	-5.557197e-01
1.049983763130611e-03	-6.977529e-01
1.058555191702038e-03	-8.375727e-01
1.067126620273466e-03	-9.751790e-01
1.075698048844894e-03	-1.110572e+00
1.084269477416322e-03	-1.243751e+00
1.098412334559178e-03	-1.457271e+00
1.112555191702034e-03	-1.655744e+00
1.126698048844890e-03	-1.839169e+00
1.140840905987746e-03	-2.007547e+00
1.154983763130602e-03	-2.160878e+00
1.169126620273458e-03	-2.299162e+00
1.183269477416314e-03	-2.422398e+00
1.192555191702027e-03	-2.491258e+00
1.201840905987741e-03	-2.551226e+00
1.211126620273454e-03	-2.602303e+00
1.220412334559168e-03	-2.644488e+00
1.229698048844881e-03	-2.677782e+00
1.238983763130595e-03	-2.702185e+00
1.248269477416308e-03	-2.717696e+00
1.254840905987736e-03	-2.722832e+00
1.261412334559164e-03	-2.723351e+00
1.267983763130592e-03	-2.719254e+00
1.274555191702020e-03	-2.710540e+00
1.281126620273448e-03	-2.697210e+00
1.287698048844876e-03	-2.679263e+00
1.294269477416304e-03	-2.656699e+00
1.305983763130589e-03	-2.604200e+00
1.317698048844874e-03	-2.538706e+00
1.329412334559159e-03	-2.460217e+00
1.341126620273443e-03	-2.368733e+00
1.352840905987728e-03	-2.264255e+00
1.364555191702013e-03	-2.146782e+00
1.376269477416298e-03	-2.016314e+00
1.387983763130582e-03	-1.874051e+00
1.399698048844867e-03	-1.723813e+00
1.411412334559152e-03	-1.565600e+00
1.423126620273436e-03	-1.399413e+00
1.434840905987721e-03	-1.225252e+00
1.446555191702006e-03	-1.043116e+00
1.458269477416291e-03	-8.530059e-01
1.464412334559147e-03	-7.522369e-01
1.470555191702004e-03	-6.507318e-01
1.476698048844860e-03	-5.484906e-01
1.482840905987717e-03	-4.455132e-01
1.488983763130574e-03	-3.417998e-01
1.495126620273430e-03	-2.373503e-01
1.501269477416287e-03	-1.321647e-01
1.503412334559144e-03	-9.553634e-02
1.505555191702001e-03	-5.890761e-02
1.507698048844858e-03	-2.227855e-02
1.509840905987715e-03	1.435086e-02
1.511983763130572e-03	5.098061e-02
1.514126620273429e-03	8.761069e-02
1.516269477416286e-03	1.242411e-01
1.523412334559142e-03	2.466883e-01
1.530555191701999e-03	3.680301e-01
1.537698048844855e-03	4.882666e-01
1.544840905987712e-03	6.073978e-01
1.551983763130569e-03	7.254235e-01
1.559126620273425e-03	8.423440e-01
1.566269477416282e-03	9.581591e-01
1.578840905987709e-03	1.158853e+00
1.591412334559137e-03	1.349519e+00
1.603983763130564e-03	1.530158e+00
1.616555191701992e-03	1.700769e+00
1.629126620273419e-03	1.861353e+00
1.641698048844847e-03	2.011909e+00
1.654269477416274e-03	2.152437e+00
1.665412334559130e-03	2.264474e+00
1.676555191701986e-03	2.364357e+00
1.687698048844843e-03	2.452086e+00
1.698840905987699e-03	2.527662e+00
1.709983763130555e-03	2.591084e+00
1.721126620273411e-03	2.642353e+00
1.732269477416268e-03	2.681467e+00
1.740840905987695e-03	2.701953e+00
1.749412334559123e-03	2.714574e+00
1.757983763130551e-03	2.719330e+00
1.766555191701979e-03	2.716220e+00
1.775126620273407e-03	2.705245e+00
1.783698048844835e-03	2.686404e+00
1.792269477416263e-03	2.659698e+00
1.803555191701976e-03	2.611844e+00
1.814840905987689e-03	2.551788e+00
1.826126620273402e-03	2.479530e+00
1.837412334559116e-03	2.395070e+00
1.848698048844829e-03	2.298407e+00
1.859983763130543e-03	2.189543e+00
1.871269477416256e-03	2.068477e+00
1.883269477416255e-03	1.927219e+00
1.895269477416254e-03	1.777274e+00
1.907269477416253e-03	1.618642e+00
1.919269477416252e-03	1.451323e+00
1.931269477416251e-03	1.275317e+00
1.943269477416250e-03	1.090624e+00
1.955269477416249e-03	8.972445e-01
1.961698048844821e-03	7.923498e-01
1.968126620273394e-03	6.865944e-01
1.974555191701966e-03	5.799783e-01
1.980983763130538e-03	4.725014e-01
1.987412334559110e-03	3.641639e-01
1.993840905987683e-03	2.549656e-01
2.000269477416255e-03	1.449066e-01
2.002269477416255e-03	1.107323e-01
2.004269477416256e-03	7.655364e-02
2.006269477416256e-03	4.237064e-02
2.008269477416256e-03	8.183301e-03
2.010269477416257e-03	-2.600838e-02
2.012269477416257e-03	-6.020441e-02
2.014269477416257e-03	-9.440479e-02
2.030269477416259e-03	-3.669231e-01
2.039555191701975e-03	-5.248499e-01
2.048840905987690e-03	-6.797116e-01
2.058126620273406e-03	-8.315081e-01
2.067412334559121e-03	-9.802394e-01
2.076698048844837e-03	-1.125906e+00
2.085983763130552e-03	-1.268507e+00
2.095269477416268e-03	-1.408042e+00
2.109269477416270e-03	-1.610501e+00
2.123269477416272e-03	-1.797270e+00
2.137269477416273e-03	-1.968350e+00
2.151269477416275e-03	-2.123742e+00
2.165269477416277e-03	-2.263444e+00
2.179269477416279e-03	-2.387458e+00
2.193269477416281e-03	-2.495782e+00
2.201983763130568e-03	-2.551985e+00
2.210698048844854e-03	-2.600255e+00
2.219412334559141e-03	-2.640590e+00
2.228126620273429e-03	-2.672992e+00
2.236840905987715e-03	-2.697460e+00
2.245555191702002e-03	-2.713995e+00
2.254269477416289e-03	-2.722595e+00
2.261698048844861e-03	-2.723226e+00
2.269126620273434e-03	-2.717996e+00
2.276555191702006e-03	-2.706906e+00
2.283983763130579e-03	-2.689955e+00
2.291412334559151e-03	-2.667143e+00
2.298840905987724e-03	-2.638471e+00
2.306269477416296e-03	-2.603938e+00
2.318983763130583e-03	-2.530136e+00
2.331698048844871e-03	-2.441889e+00
2.344412334559158e-03	-2.339199e+00
2.357126620273446e-03	-2.222064e+00
2.369840905987733e-03	-2.090485e+00
2.382555191702020e-03	-1.944462e+00
2.395269477416308e-03	-1.783994e+00
2.405840905987738e-03	-1.641792e+00
2.416412334559167e-03	-1.494060e+00
2.426983763130598e-03	-1.340798e+00
2.437555191702028e-03	-1.182005e+00
2.448126620273458e-03	-1.017682e+00
2.458698048844887e-03	-8.478290e-01
2.469269477416317e-03	-6.724458e-01
2.474126620273461e-03	-5.914568e-01
2.478983763130604e-03	-5.101092e-01
2.483840905987748e-03	-4.284032e-01
2.488698048844891e-03	-3.463387e-01
2.493555191702035e-03	-2.639157e-01
2.498412334559178e-03	-1.811343e-01
2.503269477416322e-03	-9.799433e-02
2.505698048844894e-03	-5.645769e-02
2.508126620273466e-03	-1.493256e-02
2.510555191702037e-03	2.658106e-02
2.512983763130609e-03	6.808318e-02
2.515412334559181e-03	1.095738e-01
2.517840905987753e-03	1.510529e-01
2.520269477416324e-03	1.925205e-01
2.528126620273468e-03	3.270396e-01
2.535983763130612e-03	4.599584e-01
2.543840905987756e-03	5.912771e-01
2.551698048844900e-03	7.209956e-01
2.559555191702044e-03	8.491139e-01
2.567412334559187e-03	9.756320e-01
2.575269477416332e-03	1.100550e+00
2.588555191702048e-03	1.307254e+00
2.601840905987764e-03	1.501707e+00
2.615126620273480e-03	1.683906e+00
2.628412334559196e-03	1.853853e+00
2.641698048844912e-03	2.011548e+00
2.654983763130628e-03	2.156990e+00
2.668269477416344e-03	2.290179e+00
2.678698048844917e-03	2.382005e+00
2.689126620273490e-03	2.462870e+00
2.699555191702062e-03	2.532772e+00
2.709983763130635e-03	2.591714e+00
2.720412334559208e-03	2.639694e+00
2.730840905987781e-03	2.676712e+00
2.741269477416354e-03	2.702769e+00
2.748983763130640e-03	2.714118e+00
2.756698048844927e-03	2.719102e+00
2.764412334559214e-03	2.717720e+00
2.772126620273501e-03	2.709973e+00
2.779840905987787e-03	2.695861e+00
2.787555191702074e-03	2.675383e+00
2.795269477416361e-03	2.648540e+00
2.806840905987791e-03	2.595586e+00
2.818412334559221e-03	2.529970e+00
2.829983763130651e-03	2.451694e+00
2.841555191702081e-03	2.360756e+00
2.853126620273511e-03	2.257158e+00
2.864698048844941e-03	2.140899e+00
2.876269477416372e-03	2.011979e+00
2.887983763130659e-03	1.869715e+00
2.899698048844946e-03	1.719477e+00
2.911412334559233e-03	1.561265e+00
2.923126620273521e-03	1.395078e+00
2.934840905987808e-03	1.220916e+00
2.946555191702095e-03	1.038780e+00
2.958269477416382e-03	8.486701e-01
2.964412334559240e-03	7.479010e-01
2.970555191702098e-03	6.463959e-01
2.976698048844956e-03	5.441547e-01
2.982840905987814e-03	4.411773e-01
2.988983763130672e-03	3.374639e-01
2.995126620273530e-03	2.330144e-01
3.001269477416388e-03	1.278288e-01
3.003269477416388e-03	9.364486e-02
3.005269477416389e-03	5.945931e-02
3.007269477416389e-03	2.527212e-02
3.009269477416389e-03	-8.916723e-03
3.011269477416389e-03	-4.310721e-02
3.013269477416390e-03	-7.729933e-02
3.015269477416390e-03	-1.114931e-01
3.020698048844962e-03	-2.044326e-01
3.026126620273534e-03	-2.968697e-01
3.031555191702106e-03	-3.888046e-01
3.036983763130678e-03	-4.802371e-01
3.042412334559251e-03	-5.711673e-01
3.047840905987823e-03	-6.615953e-01
3.053269477416395e-03	-7.515209e-01
3.054269477416395e-03	-7.679452e-01
3.065840905987825e-03	-9.579106e-01
3.077412334559255e-03	-1.140529e+00
3.088983763130685e-03	-1.315799e+00
3.100555191702116e-03	-1.483723e+00
3.112126620273546e-03	-1.644299e+00
3.123698048844976e-03	-1.797528e+00
3.135269477416406e-03	-1.943410e+00
3.147269477416407e-03	-2.083090e+00
3.159269477416409e-03	-2.209377e+00
3.171269477416411e-03	-2.322271e+00
3.183269477416412e-03	-2.421771e+00
3.195269477416414e-03	-2.507877e+00
3.207269477416415e-03	-2.580591e+00
3.219269477416417e-03	-2.639910e+00
3.225983763130704e-03	-2.665892e+00
3.232698048844990e-03	-2.687065e+00
3.239412334559277e-03	-2.703429e+00
3.246126620273564e-03	-2.714983e+00
3.252840905987850e-03	-2.721729e+00
3.259555191702137e-03	-2.723666e+00
3.266269477416423e-03	-2.720794e+00
3.275412334559281e-03	-2.708767e+00
3.284555191702140e-03	-2.688065e+00
3.293698048844998e-03	-2.658690e+00
3.302840905987857e-03	-2.620640e+00
3.311983763130715e-03	-2.573917e+00
3.321126620273574e-03	-2.518520e+00
3.330269477416432e-03	-2.454448e+00
3.344412334559291e-03	-2.336897e+00
3.358555191702150e-03	-2.203906e+00
3.372698048845009e-03	-2.055475e+00
3.386840905987868e-03	-1.891605e+00
3.400983763130727e-03	-1.712296e+00
3.415126620273586e-03	-1.517547e+00
3.429269477416445e-03	-1.307359e+00
3.437698048845017e-03	-1.178165e+00
3.446126620273590e-03	-1.046616e+00
3.454555191702163e-03	-9.127105e-01
3.462983763130735e-03	-7.764493e-01
3.471412334559307e-03	-6.378324e-01
3.479840905987880e-03	-4.968596e-01
3.488269477416453e-03	-3.535309e-01
3.490698048845024e-03	-3.122865e-01
3.493126620273596e-03	-2.709939e-01
3.495555191702168e-03	-2.296532e-01
3.497983763130740e-03	-1.882643e-01
3.500412334559311e-03	-1.468273e-01
3.502840905987883e-03	-1.053421e-01
3.505269477416455e-03	-6.380878e-02
3.507412334559312e-03	-2.715414e-02
3.509555191702170e-03	9.488438e-03
3.511698048845027e-03	4.611897e-02
3.513840905987885e-03	8.273744e-02
3.515983763130742e-03	1.193439e-01
3.518126620273600e-03	1.559382e-01
3.520269477416457e-03	1.925205e-01
3.528126620273601e-03	3.270396e-01
3.535983763130745e-03	4.599584e-01
3.543840905987889e-03	5.912771e-01
3.551698048845032e-03	7.209956e-01
3.559555191702177e-03	8.491139e-01
3.567412334559320e-03	9.756320e-01
3.575269477416464e-03	1.100550e+00
3.588555191702180e-03	1.307254e+00
3.601840905987896e-03	1.501707e+00
3.615126620273613e-03	1.683906e+00
3.628412334559328e-03	1.853853e+00
3.641698048845044e-03	2.011548e+00
3.654983763130761e-03	2.156990e+00
3.668269477416477e-03	2.290179e+00
3.678698048845049e-03	2.382005e+00
3.689126620273622e-03	2.462870e+00
3.699555191702195e-03	2.532772e+00
3.709983763130768e-03	2.591714e+00
3.720412334559340e-03	2.639694e+00
3.730840905987914e-03	2.676712e+00
3.741269477416486e-03	2.702769e+00
3.748983763130773e-03	2.714118e+00
3.756698048845060e-03	2.719102e+00
3.764412334559346e-03	2.717720e+00
3.772126620273633e-03	2.709973e+00
3.779840905987920e-03	2.695861e+00
3.787555191702207e-03	2.675383e+00
3.795269477416493e-03	2.648540e+00
3.806840905987924e-03	2.595586e+00
3.818412334559354e-03	2.529970e+00
3.829983763130784e-03	2.451694e+00
3.841555191702214e-03	2.360756e+00
3.853126620273644e-03	2.257158e+00
3.864698048845074e-03	2.140899e+00
3.876269477416504e-03	2.011979e+00
3.887983763130791e-03	1.869715e+00
3.899698048845079e-03	1.719477e+00
3.911412334559366e-03	1.561265e+00
3.923126620273653e-03	1.395078e+00
3.934840905987940e-03	1.220916e+00
3.946555191702228e-03	1.038780e+00
3.958269477416515e-03	8.486701e-01
3.964412334559373e-03	7.479010e-01
3.970555191702230e-03	6.463959e-01
3.976698048845088e-03	5.441547e-01
3.982840905987947e-03	4.411773e-01
3.988983763130805e-03	3.374639e-01
3.995126620273662e-03	2.330144e-01
4.001269477416520e-03	1.278288e-01
4.003269477416521e-03	9.364486e-02
4.005269477416521e-03	5.945931e-02
4.007269477416521e-03	2.527212e-02
4.009269477416521e-03	-8.916723e-03
4.011269477416522e-03	-4.310721e-02
4.013269477416522e-03	-7.729933e-02
4.015269477416522e-03	-1.114931e-01
4.022269477416523e-03	-2.315220e-01
4.029269477416524e-03	-3.505378e-01
4.036269477416525e-03	-4.685404e-01
4.043269477416526e-03	-5.855299e-01
4.050269477416527e-03	-7.015062e-01
4.057269477416528e-03	-8.164694e-01
4.064269477416529e-03	-9.304194e-01
4.078269477416531e-03	-1.151588e+00
4.091840905987961e-03	-1.360737e+00
4.105412334559392e-03	-1.556735e+00
4.118983763130822e-03	-1.739582e+00
4.132555191702252e-03	-1.909279e+00
4.146126620273682e-03	-2.065824e+00
4.159698048845113e-03	-2.209219e+00
4.173269477416543e-03	-2.339463e+00
4.183126620273687e-03	-2.421831e+00
4.192983763130832e-03	-2.494337e+00
4.202840905987976e-03	-2.556981e+00
4.212698048845120e-03	-2.609763e+00
4.222555191702264e-03	-2.652683e+00
4.232412334559408e-03	-2.685742e+00
4.242269477416552e-03	-2.708938e+00
4.249412334559411e-03	-2.718907e+00
4.256555191702268e-03	-2.723415e+00
4.263698048845127e-03	-2.722461e+00
4.270840905987985e-03	-2.716046e+00
4.277983763130843e-03	-2.704170e+00
4.285126620273701e-03	-2.686832e+00
4.292269477416559e-03	-2.664033e+00
4.303840905987989e-03	-2.614731e+00
4.315412334559419e-03	-2.552644e+00
4.326983763130850e-03	-2.477774e+00
4.338555191702279e-03	-2.390120e+00
4.350126620273709e-03	-2.289682e+00
4.361698048845140e-03	-2.176460e+00
4.373269477416570e-03	-2.050455e+00
4.385126620273714e-03	-1.909119e+00
4.396983763130859e-03	-1.759417e+00
4.408840905988003e-03	-1.601349e+00
4.420698048845147e-03	-1.434916e+00
4.432555191702292e-03	-1.260118e+00
4.444412334559437e-03	-1.076953e+00
4.456269477416581e-03	-8.854234e-01
4.462555191702296e-03	-7.826845e-01
4.468840905988011e-03	-6.791356e-01
4.475126620273726e-03	-5.747768e-01
4.481412334559442e-03	-4.696081e-01
4.487698048845156e-03	-3.636295e-01
4.493983763130872e-03	-2.568410e-01
4.500269477416587e-03	-1.492426e-01
4.502412334559444e-03	-1.126244e-01
4.504555191702301e-03	-7.600271e-02
4.506698048845159e-03	-3.937762e-02
4.508840905988016e-03	-2.749094e-03
4.510983763130874e-03	3.388287e-02
4.513126620273731e-03	7.051827e-02
4.515269477416589e-03	1.071571e-01
4.522269477416590e-03	2.271860e-01
4.529269477416590e-03	3.462018e-01
4.536269477416591e-03	4.642045e-01
4.543269477416592e-03	5.811939e-01
4.550269477416593e-03	6.971703e-01
4.557269477416594e-03	8.121335e-01
4.564269477416595e-03	9.260835e-01
4.576698048845168e-03	1.125525e+00
4.589126620273741e-03	1.315373e+00
4.601555191702314e-03	1.495628e+00
4.613983763130888e-03	1.666290e+00
4.626412334559461e-03	1.827358e+00
4.638840905988034e-03	1.978832e+00
4.651269477416607e-03	2.120714e+00
4.662555191702322e-03	2.237113e+00
4.673840905988038e-03	2.341135e+00
4.685126620273754e-03	2.432778e+00
4.696412334559470e-03	2.512042e+00
4.707698048845185e-03	2.578928e+00
4.718983763130902e-03	2.633436e+00
4.730269477416617e-03	2.675565e+00
4.738412334559476e-03	2.696962e+00
4.746555191702333e-03	2.711257e+00
4.754698048845192e-03	2.718449e+00
4.762840905988050e-03	2.718538e+00
4.770983763130909e-03	2.711525e+00
4.779126620273766e-03	2.697410e+00
4.787269477416625e-03	2.676192e+00
4.798126620273769e-03	2.636227e+00
4.808983763130914e-03	2.584745e+00
4.819840905988058e-03	2.521748e+00
4.830698048845202e-03	2.447235e+00
4.841555191702346e-03	2.361206e+00
4.852412334559491e-03	2.263661e+00
4.863269477416635e-03	2.154600e+00
4.875555191702350e-03	2.017751e+00
4.887840905988067e-03	1.871223e+00
4.900126620273782e-03	1.715018e+00
4.912412334559499e-03	1.549135e+00
4.924698048845214e-03	1.373573e+00
4.936983763130931e-03	1.188334e+00
4.949269477416646e-03	9.934174e-01
4.956269477416647e-03	8.805264e-01
4.963269477416648e-03	7.664860e-01
4.970269477416649e-03	6.512963e-01
4.977269477416650e-03	5.349573e-01
4.984269477416651e-03	4.174689e-01
4.991269477416652e-03	2.988312e-01
4.998269477416653e-03	1.790442e-01
4.999269477416653e-03	1.619790e-01
5.000000000000000e-03	1.495092e-01
