v9	V(vo8)
-2.000000000000000e+00	8.493839e+00
-1.990000000000000e+00	8.493799e+00
-1.980000000000000e+00	8.493758e+00
-1.970000000000000e+00	8.493717e+00
-1.960000000000000e+00	8.493675e+00
-1.950000000000000e+00	8.493631e+00
-1.940000000000000e+00	8.493587e+00
-1.930000000000000e+00	8.493542e+00
-1.920000000000000e+00	8.493495e+00
-1.910000000000000e+00	8.493447e+00
-1.900000000000000e+00	8.493399e+00
-1.890000000000000e+00	8.493348e+00
-1.880000000000000e+00	8.493297e+00
-1.870000000000000e+00	8.493244e+00
-1.860000000000000e+00	8.493190e+00
-1.850000000000000e+00	8.493135e+00
-1.840000000000000e+00	8.493078e+00
-1.830000000000000e+00	8.493021e+00
-1.820000000000000e+00	8.492962e+00
-1.810000000000000e+00	8.492901e+00
-1.800000000000000e+00	8.492839e+00
-1.790000000000000e+00	8.492776e+00
-1.780000000000000e+00	8.492710e+00
-1.770000000000000e+00	8.492644e+00
-1.760000000000000e+00	8.492576e+00
-1.750000000000000e+00	8.492506e+00
-1.740000000000000e+00	8.492435e+00
-1.730000000000000e+00	8.492362e+00
-1.720000000000000e+00	8.492288e+00
-1.710000000000000e+00	8.492211e+00
-1.700000000000000e+00	8.492133e+00
-1.690000000000000e+00	8.492054e+00
-1.680000000000000e+00	8.491972e+00
-1.670000000000000e+00	8.491889e+00
-1.660000000000000e+00	8.491803e+00
-1.650000000000000e+00	8.491716e+00
-1.640000000000000e+00	8.491627e+00
-1.630000000000000e+00	8.491536e+00
-1.620000000000000e+00	8.491443e+00
-1.610000000000000e+00	8.491347e+00
-1.600000000000000e+00	8.491250e+00
-1.590000000000000e+00	8.491151e+00
-1.580000000000000e+00	8.491050e+00
-1.570000000000000e+00	8.490946e+00
-1.560000000000000e+00	8.490840e+00
-1.550000000000000e+00	8.490731e+00
-1.540000000000000e+00	8.490621e+00
-1.530000000000000e+00	8.490508e+00
-1.520000000000000e+00	8.490393e+00
-1.510000000000000e+00	8.490274e+00
-1.500000000000000e+00	8.490154e+00
-1.490000000000000e+00	8.490032e+00
-1.480000000000000e+00	8.489906e+00
-1.470000000000000e+00	8.489779e+00
-1.460000000000000e+00	8.489648e+00
-1.450000000000000e+00	8.489514e+00
-1.440000000000000e+00	8.489378e+00
-1.429999999999999e+00	8.489240e+00
-1.419999999999999e+00	8.489098e+00
-1.409999999999999e+00	8.488953e+00
-1.399999999999999e+00	8.488805e+00
-1.389999999999999e+00	8.488654e+00
-1.379999999999999e+00	8.488501e+00
-1.369999999999999e+00	8.488344e+00
-1.359999999999999e+00	8.488184e+00
-1.349999999999999e+00	8.488021e+00
-1.339999999999999e+00	8.487854e+00
-1.329999999999999e+00	8.487684e+00
-1.319999999999999e+00	8.487512e+00
-1.309999999999999e+00	8.487334e+00
-1.299999999999999e+00	8.487155e+00
-1.289999999999999e+00	8.486971e+00
-1.279999999999999e+00	8.486783e+00
-1.269999999999999e+00	8.486592e+00
-1.259999999999999e+00	8.486398e+00
-1.249999999999999e+00	8.486198e+00
-1.239999999999999e+00	8.485996e+00
-1.229999999999999e+00	8.485789e+00
-1.219999999999999e+00	8.485579e+00
-1.209999999999999e+00	8.485364e+00
-1.199999999999999e+00	8.485145e+00
-1.189999999999999e+00	8.484921e+00
-1.179999999999999e+00	8.484694e+00
-1.169999999999999e+00	8.484462e+00
-1.159999999999999e+00	8.484224e+00
-1.149999999999999e+00	8.483983e+00
-1.139999999999999e+00	8.483737e+00
-1.129999999999999e+00	8.483486e+00
-1.119999999999999e+00	8.483230e+00
-1.109999999999999e+00	8.482969e+00
-1.099999999999999e+00	8.482702e+00
-1.089999999999999e+00	8.482431e+00
-1.079999999999999e+00	8.482154e+00
-1.069999999999999e+00	8.481872e+00
-1.059999999999999e+00	8.481584e+00
-1.049999999999999e+00	8.481289e+00
-1.039999999999999e+00	8.480989e+00
-1.029999999999999e+00	8.480683e+00
-1.019999999999999e+00	8.480371e+00
-1.009999999999999e+00	8.480053e+00
-9.999999999999991e-01	8.479728e+00
-9.899999999999991e-01	8.479396e+00
-9.799999999999991e-01	8.479056e+00
-9.699999999999991e-01	8.478711e+00
-9.599999999999991e-01	8.478357e+00
-9.499999999999991e-01	8.477997e+00
-9.399999999999991e-01	8.477629e+00
-9.299999999999990e-01	8.477252e+00
-9.199999999999990e-01	8.476868e+00
-9.099999999999990e-01	8.476475e+00
-8.999999999999990e-01	8.476073e+00
-8.899999999999990e-01	8.475663e+00
-8.799999999999990e-01	8.475244e+00
-8.699999999999990e-01	8.474814e+00
-8.599999999999990e-01	8.474376e+00
-8.499999999999990e-01	8.473926e+00
-8.399999999999990e-01	8.473466e+00
-8.299999999999990e-01	8.472996e+00
-8.199999999999990e-01	8.472513e+00
-8.099999999999989e-01	8.472019e+00
-7.999999999999989e-01	8.471513e+00
-7.899999999999989e-01	8.470994e+00
-7.799999999999989e-01	8.470462e+00
-7.699999999999989e-01	8.469916e+00
-7.599999999999989e-01	8.469356e+00
-7.499999999999989e-01	8.468781e+00
-7.399999999999989e-01	8.468189e+00
-7.299999999999989e-01	8.467582e+00
-7.199999999999989e-01	8.466957e+00
-7.099999999999989e-01	8.466314e+00
-6.999999999999988e-01	8.465652e+00
-6.899999999999988e-01	8.464971e+00
-6.799999999999988e-01	8.464267e+00
-6.699999999999988e-01	8.463542e+00
-6.599999999999988e-01	8.462793e+00
-6.499999999999988e-01	8.462020e+00
-6.399999999999988e-01	8.461220e+00
-6.299999999999988e-01	8.460391e+00
-6.199999999999988e-01	8.459533e+00
-6.099999999999988e-01	8.458642e+00
-5.999999999999988e-01	8.457718e+00
-5.899999999999987e-01	8.456757e+00
-5.799999999999987e-01	8.455755e+00
-5.699999999999987e-01	8.454711e+00
-5.599999999999987e-01	8.453621e+00
-5.499999999999987e-01	8.452480e+00
-5.399999999999987e-01	8.451283e+00
-5.299999999999987e-01	8.450027e+00
-5.199999999999987e-01	8.448705e+00
-5.099999999999987e-01	8.447308e+00
-4.999999999999987e-01	8.445829e+00
-4.899999999999987e-01	8.444259e+00
-4.799999999999986e-01	8.442584e+00
-4.699999999999986e-01	8.440792e+00
-4.599999999999986e-01	8.438865e+00
-4.499999999999986e-01	8.436781e+00
-4.399999999999986e-01	8.434512e+00
-4.299999999999986e-01	8.432026e+00
-4.199999999999986e-01	8.429274e+00
-4.099999999999986e-01	8.426195e+00
-3.999999999999986e-01	8.422704e+00
-3.899999999999986e-01	8.418673e+00
-3.799999999999986e-01	8.413907e+00
-3.699999999999986e-01	8.408089e+00
-3.599999999999985e-01	8.400632e+00
-3.499999999999985e-01	8.390305e+00
-3.399999999999985e-01	8.373009e+00
-3.299999999999985e-01	8.326742e+00
-3.199999999999985e-01	8.099873e+00
-3.099999999999985e-01	7.827704e+00
-2.999999999999985e-01	7.555529e+00
-2.899999999999985e-01	7.283353e+00
-2.799999999999985e-01	7.011178e+00
-2.699999999999985e-01	6.739003e+00
-2.599999999999985e-01	6.466827e+00
-2.499999999999984e-01	6.194652e+00
-2.399999999999984e-01	5.922477e+00
-2.299999999999984e-01	5.650301e+00
-2.199999999999984e-01	5.378126e+00
-2.099999999999984e-01	5.105951e+00
-1.999999999999984e-01	4.833776e+00
-1.899999999999984e-01	4.561600e+00
-1.799999999999984e-01	4.289425e+00
-1.699999999999984e-01	4.017250e+00
-1.599999999999984e-01	3.745074e+00
-1.499999999999984e-01	3.472899e+00
-1.399999999999983e-01	3.200724e+00
-1.299999999999983e-01	2.928548e+00
-1.199999999999983e-01	2.656373e+00
-1.099999999999983e-01	2.384198e+00
-9.999999999999835e-02	2.112022e+00
-8.999999999999836e-02	1.839847e+00
-7.999999999999836e-02	1.567672e+00
-6.999999999999837e-02	1.295496e+00
-5.999999999999837e-02	1.023321e+00
-4.999999999999837e-02	7.511458e-01
-3.999999999999836e-02	4.789705e-01
-2.999999999999836e-02	2.067952e-01
-1.999999999999836e-02	-6.538016e-02
-9.999999999998359e-03	-3.375555e-01
1.641048408274060e-15	-6.097308e-01
1.000000000000164e-02	-8.819061e-01
2.000000000000164e-02	-1.154081e+00
3.000000000000164e-02	-1.426257e+00
4.000000000000165e-02	-1.698432e+00
5.000000000000165e-02	-1.970607e+00
6.000000000000165e-02	-2.242783e+00
7.000000000000164e-02	-2.514958e+00
8.000000000000164e-02	-2.787133e+00
9.000000000000163e-02	-3.059309e+00
1.000000000000016e-01	-3.331484e+00
1.100000000000016e-01	-3.603659e+00
1.200000000000016e-01	-3.875835e+00
1.300000000000016e-01	-4.148010e+00
1.400000000000016e-01	-4.420185e+00
1.500000000000016e-01	-4.692360e+00
1.600000000000016e-01	-4.964536e+00
1.700000000000016e-01	-5.236711e+00
1.800000000000017e-01	-5.508886e+00
1.900000000000017e-01	-5.781062e+00
2.000000000000017e-01	-6.053237e+00
2.100000000000017e-01	-6.325412e+00
2.200000000000017e-01	-6.597588e+00
2.300000000000017e-01	-6.869763e+00
2.400000000000017e-01	-7.141938e+00
2.500000000000017e-01	-7.414114e+00
2.600000000000017e-01	-7.686289e+00
2.700000000000017e-01	-7.958464e+00
2.800000000000017e-01	-8.230639e+00
2.900000000000018e-01	-8.502815e+00
3.000000000000018e-01	-8.774990e+00
3.100000000000018e-01	-9.047166e+00
3.200000000000018e-01	-9.319341e+00
3.300000000000018e-01	-9.591511e+00
3.400000000000018e-01	-9.823569e+00
3.500000000000018e-01	-9.872519e+00
3.600000000000018e-01	-9.889885e+00
3.700000000000018e-01	-9.900325e+00
3.800000000000018e-01	-9.908019e+00
3.900000000000018e-01	-9.913808e+00
4.000000000000019e-01	-9.918554e+00
4.100000000000019e-01	-9.922595e+00
4.200000000000019e-01	-9.926099e+00
4.300000000000019e-01	-9.929187e+00
4.400000000000019e-01	-9.931947e+00
4.500000000000019e-01	-9.934441e+00
4.600000000000019e-01	-9.936714e+00
4.700000000000019e-01	-9.938804e+00
4.800000000000019e-01	-9.940736e+00
4.900000000000019e-01	-9.942532e+00
5.000000000000019e-01	-9.944209e+00
5.100000000000019e-01	-9.945783e+00
5.200000000000019e-01	-9.947265e+00
5.300000000000019e-01	-9.948664e+00
5.400000000000019e-01	-9.949988e+00
5.500000000000019e-01	-9.951247e+00
5.600000000000019e-01	-9.952445e+00
5.700000000000019e-01	-9.953588e+00
5.800000000000020e-01	-9.954679e+00
5.900000000000020e-01	-9.955725e+00
6.000000000000020e-01	-9.956727e+00
6.100000000000020e-01	-9.957689e+00
6.200000000000020e-01	-9.958615e+00
6.300000000000020e-01	-9.959507e+00
6.400000000000020e-01	-9.960366e+00
6.500000000000020e-01	-9.961195e+00
6.600000000000020e-01	-9.961996e+00
6.700000000000020e-01	-9.962770e+00
6.800000000000020e-01	-9.963520e+00
6.900000000000021e-01	-9.964247e+00
7.000000000000021e-01	-9.964950e+00
7.100000000000021e-01	-9.965632e+00
7.200000000000021e-01	-9.966295e+00
7.300000000000021e-01	-9.966939e+00
7.400000000000021e-01	-9.967564e+00
7.500000000000021e-01	-9.968172e+00
7.600000000000021e-01	-9.968763e+00
7.700000000000021e-01	-9.969339e+00
7.800000000000021e-01	-9.969900e+00
7.900000000000021e-01	-9.970447e+00
8.000000000000022e-01	-9.970980e+00
8.100000000000022e-01	-9.971498e+00
8.200000000000022e-01	-9.972006e+00
8.300000000000022e-01	-9.972500e+00
8.400000000000022e-01	-9.972982e+00
8.500000000000022e-01	-9.973454e+00
8.600000000000022e-01	-9.973914e+00
8.700000000000022e-01	-9.974363e+00
8.800000000000022e-01	-9.974803e+00
8.900000000000022e-01	-9.975232e+00
9.000000000000022e-01	-9.975653e+00
9.100000000000023e-01	-9.976063e+00
9.200000000000023e-01	-9.976465e+00
9.300000000000023e-01	-9.976858e+00
9.400000000000023e-01	-9.977242e+00
9.500000000000023e-01	-9.977619e+00
9.600000000000023e-01	-9.977988e+00
9.700000000000023e-01	-9.978349e+00
9.800000000000023e-01	-9.978702e+00
9.900000000000023e-01	-9.979048e+00
1.000000000000002e+00	-9.979387e+00
1.010000000000002e+00	-9.979719e+00
1.020000000000002e+00	-9.980044e+00
1.030000000000002e+00	-9.980364e+00
1.040000000000002e+00	-9.980676e+00
1.050000000000002e+00	-9.980982e+00
1.060000000000002e+00	-9.981282e+00
1.070000000000002e+00	-9.981577e+00
1.080000000000002e+00	-9.981865e+00
1.090000000000002e+00	-9.982147e+00
1.100000000000002e+00	-9.982425e+00
1.110000000000002e+00	-9.982697e+00
1.120000000000002e+00	-9.982963e+00
1.130000000000002e+00	-9.983224e+00
1.140000000000002e+00	-9.983480e+00
1.150000000000002e+00	-9.983731e+00
1.160000000000002e+00	-9.983978e+00
1.170000000000002e+00	-9.984220e+00
1.180000000000002e+00	-9.984457e+00
1.190000000000002e+00	-9.984689e+00
1.200000000000002e+00	-9.984917e+00
1.210000000000002e+00	-9.985141e+00
1.220000000000002e+00	-9.985359e+00
1.230000000000002e+00	-9.985575e+00
1.240000000000002e+00	-9.985785e+00
1.250000000000002e+00	-9.985992e+00
1.260000000000002e+00	-9.986195e+00
1.270000000000002e+00	-9.986394e+00
1.280000000000002e+00	-9.986588e+00
1.290000000000002e+00	-9.986780e+00
1.300000000000002e+00	-9.986967e+00
1.310000000000002e+00	-9.987151e+00
1.320000000000003e+00	-9.987331e+00
1.330000000000003e+00	-9.987508e+00
1.340000000000003e+00	-9.987681e+00
1.350000000000003e+00	-9.987851e+00
1.360000000000003e+00	-9.988018e+00
1.370000000000003e+00	-9.988181e+00
1.380000000000003e+00	-9.988341e+00
1.390000000000003e+00	-9.988499e+00
1.400000000000003e+00	-9.988652e+00
1.410000000000003e+00	-9.988803e+00
1.420000000000003e+00	-9.988951e+00
1.430000000000003e+00	-9.989096e+00
1.440000000000003e+00	-9.989237e+00
1.450000000000003e+00	-9.989376e+00
1.460000000000003e+00	-9.989512e+00
1.470000000000003e+00	-9.989646e+00
1.480000000000003e+00	-9.989777e+00
1.490000000000003e+00	-9.989904e+00
1.500000000000003e+00	-9.990030e+00
1.510000000000003e+00	-9.990153e+00
1.520000000000003e+00	-9.990273e+00
1.530000000000003e+00	-9.990391e+00
1.540000000000003e+00	-9.990506e+00
1.550000000000003e+00	-9.990620e+00
1.560000000000003e+00	-9.990730e+00
1.570000000000003e+00	-9.990838e+00
1.580000000000003e+00	-9.990945e+00
1.590000000000003e+00	-9.991048e+00
1.600000000000003e+00	-9.991150e+00
1.610000000000003e+00	-9.991249e+00
1.620000000000003e+00	-9.991346e+00
1.630000000000003e+00	-9.991442e+00
1.640000000000003e+00	-9.991535e+00
1.650000000000003e+00	-9.991626e+00
1.660000000000003e+00	-9.991715e+00
1.670000000000003e+00	-9.991802e+00
1.680000000000003e+00	-9.991888e+00
1.690000000000003e+00	-9.991971e+00
1.700000000000003e+00	-9.992053e+00
1.710000000000003e+00	-9.992132e+00
1.720000000000003e+00	-9.992210e+00
1.730000000000003e+00	-9.992287e+00
1.740000000000003e+00	-9.992361e+00
1.750000000000003e+00	-9.992435e+00
1.760000000000003e+00	-9.992505e+00
1.770000000000003e+00	-9.992575e+00
1.780000000000003e+00	-9.992643e+00
1.790000000000003e+00	-9.992709e+00
1.800000000000003e+00	-9.992774e+00
1.810000000000003e+00	-9.992838e+00
1.820000000000003e+00	-9.992900e+00
1.830000000000003e+00	-9.992961e+00
1.840000000000003e+00	-9.993020e+00
1.850000000000003e+00	-9.993077e+00
1.860000000000003e+00	-9.993134e+00
1.870000000000003e+00	-9.993189e+00
1.880000000000003e+00	-9.993243e+00
1.890000000000003e+00	-9.993296e+00
1.900000000000003e+00	-9.993347e+00
1.910000000000003e+00	-9.993397e+00
1.920000000000003e+00	-9.993446e+00
1.930000000000003e+00	-9.993494e+00
1.940000000000003e+00	-9.993540e+00
1.950000000000003e+00	-9.993586e+00
1.960000000000003e+00	-9.993630e+00
1.970000000000003e+00	-9.993673e+00
1.980000000000003e+00	-9.993715e+00
1.990000000000003e+00	-9.993757e+00
2.000000000000000e+00	-9.993797e+00
