v9	V(n022)
-2.000000000000000e+00	8.494249e+00
-1.990000000000000e+00	8.494218e+00
-1.980000000000000e+00	8.494190e+00
-1.970000000000000e+00	8.494158e+00
-1.960000000000000e+00	8.494123e+00
-1.950000000000000e+00	8.494089e+00
-1.940000000000000e+00	8.494054e+00
-1.930000000000000e+00	8.494018e+00
-1.920000000000000e+00	8.493979e+00
-1.910000000000000e+00	8.493941e+00
-1.900000000000000e+00	8.493902e+00
-1.890000000000000e+00	8.493861e+00
-1.880000000000000e+00	8.493819e+00
-1.870000000000000e+00	8.493776e+00
-1.860000000000000e+00	8.493732e+00
-1.850000000000000e+00	8.493688e+00
-1.840000000000000e+00	8.493642e+00
-1.830000000000000e+00	8.493594e+00
-1.820000000000000e+00	8.493545e+00
-1.810000000000000e+00	8.493495e+00
-1.800000000000000e+00	8.493443e+00
-1.790000000000000e+00	8.493391e+00
-1.780000000000000e+00	8.493337e+00
-1.770000000000000e+00	8.493281e+00
-1.760000000000000e+00	8.493224e+00
-1.750000000000000e+00	8.493166e+00
-1.740000000000000e+00	8.493106e+00
-1.730000000000000e+00	8.493044e+00
-1.720000000000000e+00	8.492981e+00
-1.710000000000000e+00	8.492916e+00
-1.700000000000000e+00	8.492850e+00
-1.690000000000000e+00	8.492782e+00
-1.680000000000000e+00	8.492712e+00
-1.670000000000000e+00	8.492640e+00
-1.660000000000000e+00	8.492568e+00
-1.650000000000000e+00	8.492493e+00
-1.640000000000000e+00	8.492415e+00
-1.630000000000000e+00	8.492336e+00
-1.620000000000000e+00	8.492256e+00
-1.610000000000000e+00	8.492173e+00
-1.600000000000000e+00	8.492088e+00
-1.590000000000000e+00	8.492002e+00
-1.580000000000000e+00	8.491912e+00
-1.570000000000000e+00	8.491821e+00
-1.560000000000000e+00	8.491728e+00
-1.550000000000000e+00	8.491632e+00
-1.540000000000000e+00	8.491534e+00
-1.530000000000000e+00	8.491434e+00
-1.520000000000000e+00	8.491332e+00
-1.510000000000000e+00	8.491227e+00
-1.500000000000000e+00	8.491119e+00
-1.490000000000000e+00	8.491010e+00
-1.480000000000000e+00	8.490897e+00
-1.470000000000000e+00	8.490782e+00
-1.460000000000000e+00	8.490664e+00
-1.450000000000000e+00	8.490543e+00
-1.440000000000000e+00	8.490420e+00
-1.429999999999999e+00	8.490294e+00
-1.419999999999999e+00	8.490166e+00
-1.409999999999999e+00	8.490033e+00
-1.399999999999999e+00	8.489899e+00
-1.389999999999999e+00	8.489761e+00
-1.379999999999999e+00	8.489620e+00
-1.369999999999999e+00	8.489476e+00
-1.359999999999999e+00	8.489328e+00
-1.349999999999999e+00	8.489179e+00
-1.339999999999999e+00	8.489024e+00
-1.329999999999999e+00	8.488868e+00
-1.319999999999999e+00	8.488707e+00
-1.309999999999999e+00	8.488543e+00
-1.299999999999999e+00	8.488375e+00
-1.289999999999999e+00	8.488204e+00
-1.279999999999999e+00	8.488029e+00
-1.269999999999999e+00	8.487850e+00
-1.259999999999999e+00	8.487667e+00
-1.249999999999999e+00	8.487481e+00
-1.239999999999999e+00	8.487290e+00
-1.229999999999999e+00	8.487096e+00
-1.219999999999999e+00	8.486897e+00
-1.209999999999999e+00	8.486694e+00
-1.199999999999999e+00	8.486486e+00
-1.189999999999999e+00	8.486275e+00
-1.179999999999999e+00	8.486059e+00
-1.169999999999999e+00	8.485838e+00
-1.159999999999999e+00	8.485613e+00
-1.149999999999999e+00	8.485383e+00
-1.139999999999999e+00	8.485147e+00
-1.129999999999999e+00	8.484908e+00
-1.119999999999999e+00	8.484663e+00
-1.109999999999999e+00	8.484412e+00
-1.099999999999999e+00	8.484158e+00
-1.089999999999999e+00	8.483896e+00
-1.079999999999999e+00	8.483630e+00
-1.069999999999999e+00	8.483357e+00
-1.059999999999999e+00	8.483080e+00
-1.049999999999999e+00	8.482797e+00
-1.039999999999999e+00	8.482507e+00
-1.029999999999999e+00	8.482211e+00
-1.019999999999999e+00	8.481909e+00
-1.009999999999999e+00	8.481600e+00
-9.999999999999991e-01	8.481284e+00
-9.899999999999991e-01	8.480963e+00
-9.799999999999991e-01	8.480633e+00
-9.699999999999991e-01	8.480297e+00
-9.599999999999991e-01	8.479953e+00
-9.499999999999991e-01	8.479602e+00
-9.399999999999991e-01	8.479242e+00
-9.299999999999990e-01	8.478875e+00
-9.199999999999990e-01	8.478499e+00
-9.099999999999990e-01	8.478116e+00
-8.999999999999990e-01	8.477723e+00
-8.899999999999990e-01	8.477322e+00
-8.799999999999990e-01	8.476911e+00
-8.699999999999990e-01	8.476490e+00
-8.599999999999990e-01	8.476059e+00
-8.499999999999990e-01	8.475618e+00
-8.399999999999990e-01	8.475166e+00
-8.299999999999990e-01	8.474705e+00
-8.199999999999990e-01	8.474231e+00
-8.099999999999989e-01	8.473744e+00
-7.999999999999989e-01	8.473247e+00
-7.899999999999989e-01	8.472735e+00
-7.799999999999989e-01	8.472212e+00
-7.699999999999989e-01	8.471674e+00
-7.599999999999989e-01	8.471122e+00
-7.499999999999989e-01	8.470554e+00
-7.399999999999989e-01	8.469972e+00
-7.299999999999989e-01	8.469372e+00
-7.199999999999989e-01	8.468756e+00
-7.099999999999989e-01	8.468122e+00
-6.999999999999988e-01	8.467467e+00
-6.899999999999988e-01	8.466794e+00
-6.799999999999988e-01	8.466101e+00
-6.699999999999988e-01	8.465384e+00
-6.599999999999988e-01	8.464644e+00
-6.499999999999988e-01	8.463881e+00
-6.399999999999988e-01	8.463090e+00
-6.299999999999988e-01	8.462272e+00
-6.199999999999988e-01	8.461425e+00
-6.099999999999988e-01	8.460546e+00
-5.999999999999988e-01	8.459633e+00
-5.899999999999987e-01	8.458684e+00
-5.799999999999987e-01	8.457696e+00
-5.699999999999987e-01	8.456666e+00
-5.599999999999987e-01	8.455591e+00
-5.499999999999987e-01	8.454468e+00
-5.399999999999987e-01	8.453290e+00
-5.299999999999987e-01	8.452054e+00
-5.199999999999987e-01	8.450754e+00
-5.099999999999987e-01	8.449383e+00
-4.999999999999987e-01	8.447636e+00
-4.899999999999987e-01	8.446073e+00
-4.799999999999986e-01	8.444397e+00
-4.699999999999986e-01	8.442608e+00
-4.599999999999986e-01	8.440683e+00
-4.499999999999986e-01	8.438602e+00
-4.399999999999986e-01	8.436338e+00
-4.299999999999986e-01	8.433857e+00
-4.199999999999986e-01	8.431112e+00
-4.099999999999986e-01	8.428045e+00
-3.999999999999986e-01	8.424570e+00
-3.899999999999986e-01	8.420568e+00
-3.799999999999986e-01	8.415854e+00
-3.699999999999986e-01	8.410132e+00
-3.599999999999985e-01	8.402401e+00
-3.499999999999985e-01	8.391999e+00
-3.399999999999985e-01	8.374926e+00
-3.299999999999985e-01	8.328476e+00
-3.199999999999985e-01	8.101469e+00
-3.099999999999985e-01	7.829277e+00
-2.999999999999985e-01	7.557077e+00
-2.899999999999985e-01	7.284878e+00
-2.799999999999985e-01	7.012679e+00
-2.699999999999985e-01	6.740480e+00
-2.599999999999985e-01	6.468281e+00
-2.499999999999984e-01	6.196082e+00
-2.399999999999984e-01	5.923882e+00
-2.299999999999984e-01	5.651683e+00
-2.199999999999984e-01	5.379484e+00
-2.099999999999984e-01	5.107285e+00
-1.999999999999984e-01	4.835085e+00
-1.899999999999984e-01	4.562886e+00
-1.799999999999984e-01	4.290687e+00
-1.699999999999984e-01	4.018488e+00
-1.599999999999984e-01	3.746289e+00
-1.499999999999984e-01	3.474090e+00
-1.399999999999983e-01	3.201891e+00
-1.299999999999983e-01	2.929691e+00
-1.199999999999983e-01	2.657492e+00
-1.099999999999983e-01	2.385293e+00
-9.999999999999835e-02	2.113094e+00
-8.999999999999836e-02	1.840895e+00
-7.999999999999836e-02	1.568696e+00
-6.999999999999837e-02	1.296496e+00
-5.999999999999837e-02	1.024297e+00
-4.999999999999837e-02	7.520981e-01
-3.999999999999836e-02	4.798989e-01
-2.999999999999836e-02	2.076998e-01
-1.999999999999836e-02	-6.449941e-02
-9.999999999998359e-03	-3.366986e-01
1.641048408274060e-15	-6.088977e-01
1.000000000000164e-02	-8.810969e-01
2.000000000000164e-02	-1.153296e+00
3.000000000000164e-02	-1.425495e+00
4.000000000000165e-02	-1.697694e+00
5.000000000000165e-02	-1.969894e+00
6.000000000000165e-02	-2.242093e+00
7.000000000000164e-02	-2.514292e+00
8.000000000000164e-02	-2.786491e+00
9.000000000000163e-02	-3.058690e+00
1.000000000000016e-01	-3.330889e+00
1.100000000000016e-01	-3.603089e+00
1.200000000000016e-01	-3.875288e+00
1.300000000000016e-01	-4.147487e+00
1.400000000000016e-01	-4.419686e+00
1.500000000000016e-01	-4.691885e+00
1.600000000000016e-01	-4.964085e+00
1.700000000000016e-01	-5.236284e+00
1.800000000000017e-01	-5.508483e+00
1.900000000000017e-01	-5.780682e+00
2.000000000000017e-01	-6.052881e+00
2.100000000000017e-01	-6.325080e+00
2.200000000000017e-01	-6.597280e+00
2.300000000000017e-01	-6.869479e+00
2.400000000000017e-01	-7.141678e+00
2.500000000000017e-01	-7.413877e+00
2.600000000000017e-01	-7.686076e+00
2.700000000000017e-01	-7.958275e+00
2.800000000000017e-01	-8.230474e+00
2.900000000000018e-01	-8.502673e+00
3.000000000000018e-01	-8.774873e+00
3.100000000000018e-01	-9.047077e+00
3.200000000000018e-01	-9.319271e+00
3.300000000000018e-01	-9.591466e+00
3.400000000000018e-01	-9.824701e+00
3.500000000000018e-01	-9.873927e+00
3.600000000000018e-01	-9.891509e+00
3.700000000000018e-01	-9.902409e+00
3.800000000000018e-01	-9.909986e+00
3.900000000000018e-01	-9.915556e+00
4.000000000000019e-01	-9.920328e+00
4.100000000000019e-01	-9.924620e+00
4.200000000000019e-01	-9.928071e+00
4.300000000000019e-01	-9.931058e+00
4.400000000000019e-01	-9.933786e+00
4.500000000000019e-01	-9.936270e+00
4.600000000000019e-01	-9.938535e+00
4.700000000000019e-01	-9.940618e+00
4.800000000000019e-01	-9.942545e+00
4.900000000000019e-01	-9.944338e+00
5.000000000000019e-01	-9.946012e+00
5.100000000000019e-01	-9.947583e+00
5.200000000000019e-01	-9.949062e+00
5.300000000000019e-01	-9.950459e+00
5.400000000000019e-01	-9.951781e+00
5.500000000000019e-01	-9.953037e+00
5.600000000000019e-01	-9.954232e+00
5.700000000000019e-01	-9.955626e+00
5.800000000000020e-01	-9.956463e+00
5.900000000000020e-01	-9.957617e+00
6.000000000000020e-01	-9.958765e+00
6.100000000000020e-01	-9.959463e+00
6.200000000000020e-01	-9.960464e+00
6.300000000000020e-01	-9.961469e+00
6.400000000000020e-01	-9.962347e+00
6.500000000000020e-01	-9.963120e+00
6.600000000000020e-01	-9.963875e+00
6.700000000000020e-01	-9.964637e+00
6.800000000000020e-01	-9.965386e+00
6.900000000000021e-01	-9.966105e+00
7.000000000000021e-01	-9.966797e+00
7.100000000000021e-01	-9.967466e+00
7.200000000000021e-01	-9.968118e+00
7.300000000000021e-01	-9.968752e+00
7.400000000000021e-01	-9.969368e+00
7.500000000000021e-01	-9.969967e+00
7.600000000000021e-01	-9.970549e+00
7.700000000000021e-01	-9.971116e+00
7.800000000000021e-01	-9.971667e+00
7.900000000000021e-01	-9.972205e+00
8.000000000000022e-01	-9.972729e+00
8.100000000000022e-01	-9.973239e+00
8.200000000000022e-01	-9.973737e+00
8.300000000000022e-01	-9.974222e+00
8.400000000000022e-01	-9.974696e+00
8.500000000000022e-01	-9.975159e+00
8.600000000000022e-01	-9.975610e+00
8.700000000000022e-01	-9.976050e+00
8.800000000000022e-01	-9.976481e+00
8.900000000000022e-01	-9.976902e+00
9.000000000000022e-01	-9.977313e+00
9.100000000000023e-01	-9.977715e+00
9.200000000000023e-01	-9.978107e+00
9.300000000000023e-01	-9.978492e+00
9.400000000000023e-01	-9.978867e+00
9.500000000000023e-01	-9.979234e+00
9.600000000000023e-01	-9.979593e+00
9.700000000000023e-01	-9.979945e+00
9.800000000000023e-01	-9.980289e+00
9.900000000000023e-01	-9.980625e+00
1.000000000000002e+00	-9.980954e+00
1.010000000000002e+00	-9.981277e+00
1.020000000000002e+00	-9.981592e+00
1.030000000000002e+00	-9.981901e+00
1.040000000000002e+00	-9.982203e+00
1.050000000000002e+00	-9.982499e+00
1.060000000000002e+00	-9.982789e+00
1.070000000000002e+00	-9.983073e+00
1.080000000000002e+00	-9.983351e+00
1.090000000000002e+00	-9.983623e+00
1.100000000000002e+00	-9.983890e+00
1.110000000000002e+00	-9.984150e+00
1.120000000000002e+00	-9.984406e+00
1.130000000000002e+00	-9.984656e+00
1.140000000000002e+00	-9.984901e+00
1.150000000000002e+00	-9.985142e+00
1.160000000000002e+00	-9.985376e+00
1.170000000000002e+00	-9.985606e+00
1.180000000000002e+00	-9.985832e+00
1.190000000000002e+00	-9.986053e+00
1.200000000000002e+00	-9.986269e+00
1.210000000000002e+00	-9.986481e+00
1.220000000000002e+00	-9.986689e+00
1.230000000000002e+00	-9.986892e+00
1.240000000000002e+00	-9.987090e+00
1.250000000000002e+00	-9.987285e+00
1.260000000000002e+00	-9.987475e+00
1.270000000000002e+00	-9.987662e+00
1.280000000000002e+00	-9.987845e+00
1.290000000000002e+00	-9.988024e+00
1.300000000000002e+00	-9.988199e+00
1.310000000000002e+00	-9.988370e+00
1.320000000000003e+00	-9.988538e+00
1.330000000000003e+00	-9.988703e+00
1.340000000000003e+00	-9.988863e+00
1.350000000000003e+00	-9.989020e+00
1.360000000000003e+00	-9.989174e+00
1.370000000000003e+00	-9.989325e+00
1.380000000000003e+00	-9.989472e+00
1.390000000000003e+00	-9.989616e+00
1.400000000000003e+00	-9.989758e+00
1.410000000000003e+00	-9.989895e+00
1.420000000000003e+00	-9.990030e+00
1.430000000000003e+00	-9.990162e+00
1.440000000000003e+00	-9.990291e+00
1.450000000000003e+00	-9.990417e+00
1.460000000000003e+00	-9.990541e+00
1.470000000000003e+00	-9.990661e+00
1.480000000000003e+00	-9.990779e+00
1.490000000000003e+00	-9.990893e+00
1.500000000000003e+00	-9.991006e+00
1.510000000000003e+00	-9.991117e+00
1.520000000000003e+00	-9.991223e+00
1.530000000000003e+00	-9.991329e+00
1.540000000000003e+00	-9.991431e+00
1.550000000000003e+00	-9.991531e+00
1.560000000000003e+00	-9.991630e+00
1.570000000000003e+00	-9.991725e+00
1.580000000000003e+00	-9.991818e+00
1.590000000000003e+00	-9.991910e+00
1.600000000000003e+00	-9.991999e+00
1.610000000000003e+00	-9.992085e+00
1.620000000000003e+00	-9.992170e+00
1.630000000000003e+00	-9.992253e+00
1.640000000000003e+00	-9.992334e+00
1.650000000000003e+00	-9.992414e+00
1.660000000000003e+00	-9.992490e+00
1.670000000000003e+00	-9.992565e+00
1.680000000000003e+00	-9.992639e+00
1.690000000000003e+00	-9.992710e+00
1.700000000000003e+00	-9.992780e+00
1.710000000000003e+00	-9.992847e+00
1.720000000000003e+00	-9.992914e+00
1.730000000000003e+00	-9.992979e+00
1.740000000000003e+00	-9.993042e+00
1.750000000000003e+00	-9.993103e+00
1.760000000000003e+00	-9.993163e+00
1.770000000000003e+00	-9.993222e+00
1.780000000000003e+00	-9.993279e+00
1.790000000000003e+00	-9.993335e+00
1.800000000000003e+00	-9.993388e+00
1.810000000000003e+00	-9.993442e+00
1.820000000000003e+00	-9.993493e+00
1.830000000000003e+00	-9.993543e+00
1.840000000000003e+00	-9.993591e+00
1.850000000000003e+00	-9.993639e+00
1.860000000000003e+00	-9.993686e+00
1.870000000000003e+00	-9.993731e+00
1.880000000000003e+00	-9.993774e+00
1.890000000000003e+00	-9.993817e+00
1.900000000000003e+00	-9.993858e+00
1.910000000000003e+00	-9.993899e+00
1.920000000000003e+00	-9.993938e+00
1.930000000000003e+00	-9.993978e+00
1.940000000000003e+00	-9.994015e+00
1.950000000000003e+00	-9.994051e+00
1.960000000000003e+00	-9.994086e+00
1.970000000000003e+00	-9.994121e+00
1.980000000000003e+00	-9.994155e+00
1.990000000000003e+00	-9.994187e+00
2.000000000000000e+00	-9.994219e+00
