vin	V(vo1)	V(vo2)
-1.000000000000000e+01	-9.996410e+00	-9.996410e+00
-9.990000000000000e+00	-9.996409e+00	-9.996409e+00
-9.980000000000000e+00	-9.996408e+00	-9.996408e+00
-9.970000000000001e+00	-9.996407e+00	-9.996407e+00
-9.960000000000001e+00	-9.996406e+00	-9.996406e+00
-9.950000000000001e+00	-9.996405e+00	-9.996405e+00
-9.940000000000001e+00	-9.996404e+00	-9.996403e+00
-9.930000000000001e+00	-9.996403e+00	-9.996401e+00
-9.920000000000002e+00	-9.996402e+00	-9.996400e+00
-9.910000000000002e+00	-9.996401e+00	-9.996397e+00
-9.900000000000002e+00	-9.996400e+00	-9.996394e+00
-9.890000000000002e+00	-9.996399e+00	-9.996391e+00
-9.880000000000003e+00	-9.996397e+00	-9.996387e+00
-9.870000000000003e+00	-9.996396e+00	-9.996381e+00
-9.860000000000003e+00	-9.996395e+00	-9.996371e+00
-9.850000000000003e+00	-9.996394e+00	-9.996360e+00
-9.840000000000003e+00	-9.996393e+00	-9.996342e+00
-9.830000000000004e+00	-9.996392e+00	-9.996317e+00
-9.820000000000004e+00	-9.996391e+00	-9.996281e+00
-9.810000000000004e+00	-9.996390e+00	-9.996227e+00
-9.800000000000004e+00	-9.996388e+00	-9.996151e+00
-9.790000000000004e+00	-9.996387e+00	-9.996039e+00
-9.780000000000005e+00	-9.996387e+00	-9.995879e+00
-9.770000000000005e+00	-9.996386e+00	-9.995647e+00
-9.760000000000005e+00	-9.996385e+00	-9.995317e+00
-9.750000000000005e+00	-9.996384e+00	-9.994852e+00
-9.740000000000006e+00	-9.996383e+00	-9.994204e+00
-9.730000000000006e+00	-9.996382e+00	-9.993318e+00
-9.720000000000006e+00	-9.996380e+00	-9.992129e+00
-9.710000000000006e+00	-9.996379e+00	-9.990568e+00
-9.700000000000006e+00	-9.996378e+00	-9.988558e+00
-9.690000000000007e+00	-9.996377e+00	-9.986012e+00
-9.680000000000007e+00	-9.996376e+00	-9.982828e+00
-9.670000000000007e+00	-9.996375e+00	-9.978874e+00
-9.660000000000007e+00	-9.996374e+00	-9.973964e+00
-9.650000000000007e+00	-9.996373e+00	-9.967821e+00
-9.640000000000008e+00	-9.996371e+00	-9.960021e+00
-9.630000000000008e+00	-9.996370e+00	-9.949834e+00
-9.620000000000008e+00	-9.996369e+00	-9.936384e+00
-9.610000000000008e+00	-9.996368e+00	-9.918506e+00
-9.600000000000009e+00	-9.996367e+00	-9.895768e+00
-9.590000000000009e+00	-9.996367e+00	-9.869288e+00
-9.580000000000009e+00	-9.996366e+00	-9.840858e+00
-9.570000000000009e+00	-9.996365e+00	-9.811653e+00
-9.560000000000009e+00	-9.996363e+00	-9.782182e+00
-9.550000000000010e+00	-9.996362e+00	-9.752621e+00
-9.540000000000010e+00	-9.996361e+00	-9.723031e+00
-9.530000000000010e+00	-9.996360e+00	-9.693431e+00
-9.520000000000010e+00	-9.996359e+00	-9.663826e+00
-9.510000000000010e+00	-9.996358e+00	-9.634218e+00
-9.500000000000011e+00	-9.996357e+00	-9.604609e+00
-9.490000000000011e+00	-9.996356e+00	-9.574998e+00
-9.480000000000011e+00	-9.996355e+00	-9.545385e+00
-9.470000000000011e+00	-9.996353e+00	-9.515771e+00
-9.460000000000012e+00	-9.996352e+00	-9.486156e+00
-9.450000000000012e+00	-9.996351e+00	-9.456538e+00
-9.440000000000012e+00	-9.996350e+00	-9.426919e+00
-9.430000000000012e+00	-9.996349e+00	-9.397299e+00
-9.420000000000012e+00	-9.996348e+00	-9.367678e+00
-9.410000000000013e+00	-9.996347e+00	-9.338054e+00
-9.400000000000013e+00	-9.996346e+00	-9.308430e+00
-9.390000000000013e+00	-9.996345e+00	-9.278803e+00
-9.380000000000013e+00	-9.996344e+00	-9.249176e+00
-9.370000000000013e+00	-9.996343e+00	-9.219546e+00
-9.360000000000014e+00	-9.996342e+00	-9.189917e+00
-9.350000000000014e+00	-9.996341e+00	-9.160284e+00
-9.340000000000014e+00	-9.996340e+00	-9.130651e+00
-9.330000000000014e+00	-9.996339e+00	-9.101016e+00
-9.320000000000014e+00	-9.996338e+00	-9.071381e+00
-9.310000000000015e+00	-9.996336e+00	-9.041743e+00
-9.300000000000015e+00	-9.996335e+00	-9.012104e+00
-9.290000000000015e+00	-9.996334e+00	-8.982464e+00
-9.280000000000015e+00	-9.996333e+00	-8.952823e+00
-9.270000000000016e+00	-9.996332e+00	-8.923180e+00
-9.260000000000016e+00	-9.996331e+00	-8.893536e+00
-9.250000000000016e+00	-9.996330e+00	-8.863891e+00
-9.240000000000016e+00	-9.996329e+00	-8.834244e+00
-9.230000000000016e+00	-9.996327e+00	-8.804596e+00
-9.220000000000017e+00	-9.996326e+00	-8.774946e+00
-9.210000000000017e+00	-9.996325e+00	-8.745296e+00
-9.200000000000017e+00	-9.996325e+00	-8.715644e+00
-9.190000000000017e+00	-9.996324e+00	-8.685990e+00
-9.180000000000017e+00	-9.996323e+00	-8.656337e+00
-9.170000000000018e+00	-9.996322e+00	-8.626681e+00
-9.160000000000018e+00	-9.996321e+00	-8.597024e+00
-9.150000000000018e+00	-9.996319e+00	-8.567367e+00
-9.140000000000018e+00	-9.996318e+00	-8.537707e+00
-9.130000000000019e+00	-9.996317e+00	-8.508046e+00
-9.120000000000019e+00	-9.996316e+00	-8.478385e+00
-9.110000000000019e+00	-9.996315e+00	-8.448722e+00
-9.100000000000019e+00	-9.996314e+00	-8.419058e+00
-9.090000000000019e+00	-9.996313e+00	-8.389393e+00
-9.080000000000020e+00	-9.996312e+00	-8.359727e+00
-9.070000000000020e+00	-9.996310e+00	-8.330059e+00
-9.060000000000020e+00	-9.996309e+00	-8.300391e+00
-9.050000000000020e+00	-9.996308e+00	-8.270721e+00
-9.040000000000020e+00	-9.996307e+00	-8.241050e+00
-9.030000000000021e+00	-9.996306e+00	-8.211378e+00
-9.020000000000021e+00	-9.996305e+00	-8.181705e+00
-9.010000000000021e+00	-9.996305e+00	-8.152031e+00
-9.000000000000021e+00	-9.996304e+00	-8.122355e+00
-8.990000000000022e+00	-9.996302e+00	-8.092679e+00
-8.980000000000022e+00	-9.996301e+00	-8.063002e+00
-8.970000000000022e+00	-9.996300e+00	-8.033323e+00
-8.960000000000022e+00	-9.996299e+00	-8.003644e+00
-8.950000000000022e+00	-9.996298e+00	-7.973963e+00
-8.940000000000023e+00	-9.996297e+00	-7.944282e+00
-8.930000000000023e+00	-9.996296e+00	-7.914599e+00
-8.920000000000023e+00	-9.996295e+00	-7.884915e+00
-8.910000000000023e+00	-9.996293e+00	-7.855230e+00
-8.900000000000023e+00	-9.996292e+00	-7.825544e+00
-8.890000000000024e+00	-9.996291e+00	-7.795857e+00
-8.880000000000024e+00	-9.996290e+00	-7.766170e+00
-8.870000000000024e+00	-9.996289e+00	-7.736481e+00
-8.860000000000024e+00	-9.996288e+00	-7.706791e+00
-8.850000000000025e+00	-9.996287e+00	-7.677100e+00
-8.840000000000025e+00	-9.996285e+00	-7.647408e+00
-8.830000000000025e+00	-9.996284e+00	-7.617715e+00
-8.820000000000025e+00	-9.996284e+00	-7.588021e+00
-8.810000000000025e+00	-9.996283e+00	-7.558327e+00
-8.800000000000026e+00	-9.996282e+00	-7.528631e+00
-8.790000000000026e+00	-9.996281e+00	-7.498934e+00
-8.780000000000026e+00	-9.996280e+00	-7.469237e+00
-8.770000000000026e+00	-9.996279e+00	-7.439538e+00
-8.760000000000026e+00	-9.996277e+00	-7.409839e+00
-8.750000000000027e+00	-9.996276e+00	-7.380138e+00
-8.740000000000027e+00	-9.996275e+00	-7.350437e+00
-8.730000000000027e+00	-9.996274e+00	-7.320735e+00
-8.720000000000027e+00	-9.996273e+00	-7.291031e+00
-8.710000000000027e+00	-9.996272e+00	-7.261327e+00
-8.700000000000028e+00	-9.996271e+00	-7.231622e+00
-8.690000000000028e+00	-9.996270e+00	-7.201916e+00
-8.680000000000028e+00	-9.996268e+00	-7.172210e+00
-8.670000000000028e+00	-9.996267e+00	-7.142502e+00
-8.660000000000029e+00	-9.996266e+00	-7.112793e+00
-8.650000000000029e+00	-9.996265e+00	-7.083084e+00
-8.640000000000029e+00	-9.996264e+00	-7.053373e+00
-8.630000000000029e+00	-9.996264e+00	-7.023663e+00
-8.620000000000029e+00	-9.996263e+00	-6.993950e+00
-8.610000000000030e+00	-9.996262e+00	-6.964238e+00
-8.600000000000030e+00	-9.996260e+00	-6.934524e+00
-8.590000000000030e+00	-9.996259e+00	-6.904809e+00
-8.580000000000030e+00	-9.996258e+00	-6.875094e+00
-8.570000000000030e+00	-9.996257e+00	-6.845377e+00
-8.560000000000031e+00	-9.996256e+00	-6.815660e+00
-8.550000000000031e+00	-9.996255e+00	-6.785943e+00
-8.540000000000031e+00	-9.996254e+00	-6.756224e+00
-8.530000000000031e+00	-9.996253e+00	-6.726504e+00
-8.520000000000032e+00	-9.996251e+00	-6.696784e+00
-8.510000000000032e+00	-9.996250e+00	-6.667063e+00
-8.500000000000032e+00	-9.996249e+00	-6.637341e+00
-8.490000000000032e+00	-9.996248e+00	-6.607618e+00
-8.480000000000032e+00	-9.996247e+00	-6.577895e+00
-8.470000000000033e+00	-9.996246e+00	-6.548170e+00
-8.460000000000033e+00	-9.996245e+00	-6.518445e+00
-8.450000000000033e+00	-9.996244e+00	-6.488719e+00
-8.440000000000033e+00	-9.996243e+00	-6.458992e+00
-8.430000000000033e+00	-9.996242e+00	-6.429265e+00
-8.420000000000034e+00	-9.996241e+00	-6.399537e+00
-8.410000000000034e+00	-9.996240e+00	-6.369808e+00
-8.400000000000034e+00	-9.996239e+00	-6.340078e+00
-8.390000000000034e+00	-9.996238e+00	-6.310348e+00
-8.380000000000035e+00	-9.996237e+00	-6.280617e+00
-8.370000000000035e+00	-9.996235e+00	-6.250885e+00
-8.360000000000035e+00	-9.996234e+00	-6.221152e+00
-8.350000000000035e+00	-9.996233e+00	-6.191419e+00
-8.340000000000035e+00	-9.996232e+00	-6.161685e+00
-8.330000000000036e+00	-9.996231e+00	-6.131950e+00
-8.320000000000036e+00	-9.996230e+00	-6.102214e+00
-8.310000000000036e+00	-9.996229e+00	-6.072478e+00
-8.300000000000036e+00	-9.996228e+00	-6.042741e+00
-8.290000000000036e+00	-9.996226e+00	-6.013003e+00
-8.280000000000037e+00	-9.996225e+00	-5.983265e+00
-8.270000000000037e+00	-9.996224e+00	-5.953526e+00
-8.260000000000037e+00	-9.996223e+00	-5.923786e+00
-8.250000000000037e+00	-9.996222e+00	-5.894045e+00
-8.240000000000038e+00	-9.996222e+00	-5.864304e+00
-8.230000000000038e+00	-9.996221e+00	-5.834562e+00
-8.220000000000038e+00	-9.996220e+00	-5.804820e+00
-8.210000000000038e+00	-9.996218e+00	-5.775076e+00
-8.200000000000038e+00	-9.996217e+00	-5.745332e+00
-8.190000000000039e+00	-9.996216e+00	-5.715588e+00
-8.180000000000039e+00	-9.996215e+00	-5.685843e+00
-8.170000000000039e+00	-9.996214e+00	-5.656096e+00
-8.160000000000039e+00	-9.996213e+00	-5.626350e+00
-8.150000000000039e+00	-9.996212e+00	-5.596603e+00
-8.140000000000040e+00	-9.996211e+00	-5.566855e+00
-8.130000000000040e+00	-9.996209e+00	-5.537106e+00
-8.120000000000040e+00	-9.996208e+00	-5.507357e+00
-8.110000000000040e+00	-9.996207e+00	-5.477607e+00
-8.100000000000041e+00	-9.996206e+00	-5.447856e+00
-8.090000000000041e+00	-9.996205e+00	-5.418106e+00
-8.080000000000041e+00	-9.996204e+00	-5.388354e+00
-8.070000000000041e+00	-9.996203e+00	-5.358601e+00
-8.060000000000041e+00	-9.996202e+00	-5.328848e+00
-8.050000000000042e+00	-9.996201e+00	-5.299095e+00
-8.040000000000042e+00	-9.996200e+00	-5.269341e+00
-8.030000000000042e+00	-9.996199e+00	-5.239585e+00
-8.020000000000042e+00	-9.996198e+00	-5.209830e+00
-8.010000000000042e+00	-9.996197e+00	-5.180074e+00
-8.000000000000043e+00	-9.996196e+00	-5.150317e+00
-7.990000000000043e+00	-9.996195e+00	-5.120560e+00
-7.980000000000043e+00	-9.996193e+00	-5.090802e+00
-7.970000000000043e+00	-9.996192e+00	-5.061043e+00
-7.960000000000043e+00	-9.996191e+00	-5.031284e+00
-7.950000000000044e+00	-9.996190e+00	-5.001524e+00
-7.940000000000044e+00	-9.996189e+00	-4.971764e+00
-7.930000000000044e+00	-9.996188e+00	-4.942003e+00
-7.920000000000044e+00	-9.996187e+00	-4.912241e+00
-7.910000000000045e+00	-9.996186e+00	-4.882480e+00
-7.900000000000045e+00	-9.996184e+00	-4.852717e+00
-7.890000000000045e+00	-9.996183e+00	-4.822954e+00
-7.880000000000045e+00	-9.996182e+00	-4.793190e+00
-7.870000000000045e+00	-9.996181e+00	-4.763425e+00
-7.860000000000046e+00	-9.996181e+00	-4.733661e+00
-7.850000000000046e+00	-9.996180e+00	-4.703895e+00
-7.840000000000046e+00	-9.996179e+00	-4.674129e+00
-7.830000000000046e+00	-9.996177e+00	-4.644362e+00
-7.820000000000046e+00	-9.996176e+00	-4.614595e+00
-7.810000000000047e+00	-9.996175e+00	-4.584827e+00
-7.800000000000047e+00	-9.996174e+00	-4.555059e+00
-7.790000000000047e+00	-9.996173e+00	-4.525290e+00
-7.780000000000047e+00	-9.996172e+00	-4.495521e+00
-7.770000000000048e+00	-9.996171e+00	-4.465751e+00
-7.760000000000048e+00	-9.996170e+00	-4.435980e+00
-7.750000000000048e+00	-9.996168e+00	-4.406209e+00
-7.740000000000048e+00	-9.996167e+00	-4.376438e+00
-7.730000000000048e+00	-9.996166e+00	-4.346666e+00
-7.720000000000049e+00	-9.996165e+00	-4.316893e+00
-7.710000000000049e+00	-9.996164e+00	-4.287120e+00
-7.700000000000049e+00	-9.996163e+00	-4.257347e+00
-7.690000000000049e+00	-9.996162e+00	-4.227572e+00
-7.680000000000049e+00	-9.996161e+00	-4.197798e+00
-7.670000000000050e+00	-9.996160e+00	-4.168023e+00
-7.660000000000050e+00	-9.996159e+00	-4.138247e+00
-7.650000000000050e+00	-9.996158e+00	-4.108470e+00
-7.640000000000050e+00	-9.996157e+00	-4.078694e+00
-7.630000000000051e+00	-9.996156e+00	-4.048916e+00
-7.620000000000051e+00	-9.996155e+00	-4.019139e+00
-7.610000000000051e+00	-9.996154e+00	-3.989360e+00
-7.600000000000051e+00	-9.996152e+00	-3.959582e+00
-7.590000000000051e+00	-9.996151e+00	-3.929802e+00
-7.580000000000052e+00	-9.996150e+00	-3.900023e+00
-7.570000000000052e+00	-9.996149e+00	-3.870242e+00
-7.560000000000052e+00	-9.996148e+00	-3.840462e+00
-7.550000000000052e+00	-9.996147e+00	-3.810680e+00
-7.540000000000052e+00	-9.996146e+00	-3.780899e+00
-7.530000000000053e+00	-9.996145e+00	-3.751117e+00
-7.520000000000053e+00	-9.996143e+00	-3.721334e+00
-7.510000000000053e+00	-9.996142e+00	-3.691550e+00
-7.500000000000053e+00	-9.996141e+00	-3.661767e+00
-7.490000000000054e+00	-9.996140e+00	-3.631983e+00
-7.480000000000054e+00	-9.996140e+00	-3.602198e+00
-7.470000000000054e+00	-9.996139e+00	-3.572413e+00
-7.460000000000054e+00	-9.996138e+00	-3.542628e+00
-7.450000000000054e+00	-9.996136e+00	-3.512841e+00
-7.440000000000055e+00	-9.996135e+00	-3.483055e+00
-7.430000000000055e+00	-9.996134e+00	-3.453268e+00
-7.420000000000055e+00	-9.996133e+00	-3.423481e+00
-7.410000000000055e+00	-9.996132e+00	-3.393693e+00
-7.400000000000055e+00	-9.996131e+00	-3.363904e+00
-7.390000000000056e+00	-9.996130e+00	-3.334116e+00
-7.380000000000056e+00	-9.996129e+00	-3.304327e+00
-7.370000000000056e+00	-9.996127e+00	-3.274537e+00
-7.360000000000056e+00	-9.996126e+00	-3.244747e+00
-7.350000000000056e+00	-9.996125e+00	-3.214956e+00
-7.340000000000057e+00	-9.996124e+00	-3.185165e+00
-7.330000000000057e+00	-9.996123e+00	-3.155374e+00
-7.320000000000057e+00	-9.996122e+00	-3.125582e+00
-7.310000000000057e+00	-9.996121e+00	-3.095789e+00
-7.300000000000058e+00	-9.996119e+00	-3.065997e+00
-7.290000000000058e+00	-9.996119e+00	-3.036203e+00
-7.280000000000058e+00	-9.996118e+00	-3.006410e+00
-7.270000000000058e+00	-9.996117e+00	-2.976616e+00
-7.260000000000058e+00	-9.996116e+00	-2.946821e+00
-7.250000000000059e+00	-9.996115e+00	-2.917026e+00
-7.240000000000059e+00	-9.996114e+00	-2.887231e+00
-7.230000000000059e+00	-9.996113e+00	-2.857435e+00
-7.220000000000059e+00	-9.996111e+00	-2.827639e+00
-7.210000000000059e+00	-9.996110e+00	-2.797842e+00
-7.200000000000060e+00	-9.996109e+00	-2.768045e+00
-7.190000000000060e+00	-9.996108e+00	-2.738248e+00
-7.180000000000060e+00	-9.996107e+00	-2.708450e+00
-7.170000000000060e+00	-9.996106e+00	-2.678651e+00
-7.160000000000061e+00	-9.996105e+00	-2.648853e+00
-7.150000000000061e+00	-9.996103e+00	-2.619053e+00
-7.140000000000061e+00	-9.996102e+00	-2.589254e+00
-7.130000000000061e+00	-9.996101e+00	-2.559454e+00
-7.120000000000061e+00	-9.996100e+00	-2.529654e+00
-7.110000000000062e+00	-9.996099e+00	-2.499853e+00
-7.100000000000062e+00	-9.996099e+00	-2.470052e+00
-7.090000000000062e+00	-9.996098e+00	-2.440250e+00
-7.080000000000062e+00	-9.996096e+00	-2.410448e+00
-7.070000000000062e+00	-9.996095e+00	-2.380646e+00
-7.060000000000063e+00	-9.996094e+00	-2.350843e+00
-7.050000000000063e+00	-9.996093e+00	-2.321040e+00
-7.040000000000063e+00	-9.996092e+00	-2.291236e+00
-7.030000000000063e+00	-9.996091e+00	-2.261432e+00
-7.020000000000064e+00	-9.996090e+00	-2.231628e+00
-7.010000000000064e+00	-9.996089e+00	-2.201823e+00
-7.000000000000064e+00	-9.996087e+00	-2.172018e+00
-6.990000000000064e+00	-9.996086e+00	-2.142213e+00
-6.980000000000064e+00	-9.996085e+00	-2.112407e+00
-6.970000000000065e+00	-9.996084e+00	-2.082601e+00
-6.960000000000065e+00	-9.996083e+00	-2.052794e+00
-6.950000000000065e+00	-9.996082e+00	-2.022987e+00
-6.940000000000065e+00	-9.996081e+00	-1.993180e+00
-6.930000000000065e+00	-9.996079e+00	-1.963372e+00
-6.920000000000066e+00	-9.996078e+00	-1.933564e+00
-6.910000000000066e+00	-9.996078e+00	-1.903755e+00
-6.900000000000066e+00	-9.996077e+00	-1.873946e+00
-6.890000000000066e+00	-9.996076e+00	-1.844137e+00
-6.880000000000067e+00	-9.996075e+00	-1.814328e+00
-6.870000000000067e+00	-9.996074e+00	-1.784518e+00
-6.860000000000067e+00	-9.996073e+00	-1.754707e+00
-6.850000000000067e+00	-9.996071e+00	-1.724897e+00
-6.840000000000067e+00	-9.996070e+00	-1.695086e+00
-6.830000000000068e+00	-9.996069e+00	-1.665274e+00
-6.820000000000068e+00	-9.996068e+00	-1.635462e+00
-6.810000000000068e+00	-9.996067e+00	-1.605650e+00
-6.800000000000068e+00	-9.996066e+00	-1.575838e+00
-6.790000000000068e+00	-9.996065e+00	-1.546025e+00
-6.780000000000069e+00	-9.996063e+00	-1.516212e+00
-6.770000000000069e+00	-9.996062e+00	-1.486398e+00
-6.760000000000069e+00	-9.996061e+00	-1.456584e+00
-6.750000000000069e+00	-9.996060e+00	-1.426770e+00
-6.740000000000069e+00	-9.996059e+00	-1.396955e+00
-6.730000000000070e+00	-9.996058e+00	-1.367140e+00
-6.720000000000070e+00	-9.996058e+00	-1.337325e+00
-6.710000000000070e+00	-9.996056e+00	-1.307509e+00
-6.700000000000070e+00	-9.996055e+00	-1.277694e+00
-6.690000000000071e+00	-9.996054e+00	-1.247877e+00
-6.680000000000071e+00	-9.996053e+00	-1.218060e+00
-6.670000000000071e+00	-9.996052e+00	-1.188244e+00
-6.660000000000071e+00	-9.996051e+00	-1.158426e+00
-6.650000000000071e+00	-9.996050e+00	-1.128608e+00
-6.640000000000072e+00	-9.996049e+00	-1.098790e+00
-6.630000000000072e+00	-9.996047e+00	-1.068972e+00
-6.620000000000072e+00	-9.996046e+00	-1.039153e+00
-6.610000000000072e+00	-9.996045e+00	-1.009334e+00
-6.600000000000072e+00	-9.996044e+00	-9.795151e-01
-6.590000000000073e+00	-9.996043e+00	-9.496954e-01
-6.580000000000073e+00	-9.996042e+00	-9.198754e-01
-6.570000000000073e+00	-9.996041e+00	-8.900551e-01
-6.560000000000073e+00	-9.996039e+00	-8.602344e-01
-6.550000000000074e+00	-9.996038e+00	-8.304135e-01
-6.540000000000074e+00	-9.996037e+00	-8.005922e-01
-6.530000000000074e+00	-9.996037e+00	-7.707706e-01
-6.520000000000074e+00	-9.996036e+00	-7.409487e-01
-6.510000000000074e+00	-9.996035e+00	-7.111264e-01
-6.500000000000075e+00	-9.996034e+00	-6.813039e-01
-6.490000000000075e+00	-9.996032e+00	-6.514810e-01
-6.480000000000075e+00	-9.996031e+00	-6.216578e-01
-6.470000000000075e+00	-9.996030e+00	-5.918342e-01
-6.460000000000075e+00	-9.996029e+00	-5.620104e-01
-6.450000000000076e+00	-9.996028e+00	-5.321863e-01
-6.440000000000076e+00	-9.996027e+00	-5.023618e-01
-6.430000000000076e+00	-9.996026e+00	-4.725371e-01
-6.420000000000076e+00	-9.996024e+00	-4.427120e-01
-6.410000000000077e+00	-9.996023e+00	-4.128866e-01
-6.400000000000077e+00	-9.996022e+00	-3.830610e-01
-6.390000000000077e+00	-9.996021e+00	-3.532350e-01
-6.380000000000077e+00	-9.996020e+00	-3.234087e-01
-6.370000000000077e+00	-9.996019e+00	-2.935821e-01
-6.360000000000078e+00	-9.996018e+00	-2.637552e-01
-6.350000000000078e+00	-9.996017e+00	-2.339280e-01
-6.340000000000078e+00	-9.996016e+00	-2.041005e-01
-6.330000000000078e+00	-9.996015e+00	-1.742727e-01
-6.320000000000078e+00	-9.996014e+00	-1.444446e-01
-6.310000000000079e+00	-9.996013e+00	-1.146162e-01
-6.300000000000079e+00	-9.996012e+00	-8.478756e-02
-6.290000000000079e+00	-9.996011e+00	-5.495857e-02
-6.280000000000079e+00	-9.996010e+00	-2.512931e-02
-6.270000000000080e+00	-9.996008e+00	4.700257e-03
-6.260000000000080e+00	-9.996007e+00	3.453011e-02
-6.250000000000080e+00	-9.996006e+00	6.436025e-02
-6.240000000000080e+00	-9.996005e+00	9.419069e-02
-6.230000000000080e+00	-9.996004e+00	1.240214e-01
-6.220000000000081e+00	-9.996003e+00	1.538524e-01
-6.210000000000081e+00	-9.996002e+00	1.836837e-01
-6.200000000000081e+00	-9.996000e+00	2.135153e-01
-6.190000000000081e+00	-9.995999e+00	2.433472e-01
-6.180000000000081e+00	-9.995998e+00	2.731793e-01
-6.170000000000082e+00	-9.995997e+00	3.030117e-01
-6.160000000000082e+00	-9.995996e+00	3.328444e-01
-6.150000000000082e+00	-9.995996e+00	3.626774e-01
-6.140000000000082e+00	-9.995995e+00	3.925107e-01
-6.130000000000082e+00	-9.995993e+00	4.223442e-01
-6.120000000000083e+00	-9.995992e+00	4.521781e-01
-6.110000000000083e+00	-9.995991e+00	4.820122e-01
-6.100000000000083e+00	-9.995990e+00	5.118465e-01
-6.090000000000083e+00	-9.995989e+00	5.416812e-01
-6.080000000000084e+00	-9.995988e+00	5.715161e-01
-6.070000000000084e+00	-9.995987e+00	6.013513e-01
-6.060000000000084e+00	-9.995985e+00	6.311868e-01
-6.050000000000084e+00	-9.995984e+00	6.610225e-01
-6.040000000000084e+00	-9.995983e+00	6.908585e-01
-6.030000000000085e+00	-9.995982e+00	7.206948e-01
-6.020000000000085e+00	-9.995981e+00	7.505313e-01
-6.010000000000085e+00	-9.995980e+00	7.803681e-01
-6.000000000000085e+00	-9.995979e+00	8.102052e-01
-5.990000000000085e+00	-9.995978e+00	8.400426e-01
-5.980000000000086e+00	-9.995976e+00	8.698802e-01
-5.970000000000086e+00	-9.995975e+00	8.997180e-01
-5.960000000000086e+00	-9.995975e+00	9.295562e-01
-5.950000000000086e+00	-9.995974e+00	9.593946e-01
-5.940000000000087e+00	-9.995973e+00	9.892333e-01
-5.930000000000087e+00	-9.995972e+00	1.019072e+00
-5.920000000000087e+00	-9.995971e+00	1.048911e+00
-5.910000000000087e+00	-9.995969e+00	1.078751e+00
-5.900000000000087e+00	-9.995968e+00	1.108590e+00
-5.890000000000088e+00	-9.995967e+00	1.138430e+00
-5.880000000000088e+00	-9.995966e+00	1.168271e+00
-5.870000000000088e+00	-9.995965e+00	1.198111e+00
-5.860000000000088e+00	-9.995964e+00	1.227952e+00
-5.850000000000088e+00	-9.995963e+00	1.257793e+00
-5.840000000000089e+00	-9.995961e+00	1.287634e+00
-5.830000000000089e+00	-9.995960e+00	1.317475e+00
-5.820000000000089e+00	-9.995959e+00	1.347317e+00
-5.810000000000089e+00	-9.995958e+00	1.377159e+00
-5.800000000000090e+00	-9.995957e+00	1.407001e+00
-5.790000000000090e+00	-9.995956e+00	1.436844e+00
-5.780000000000090e+00	-9.995955e+00	1.466686e+00
-5.770000000000090e+00	-9.995954e+00	1.496529e+00
-5.760000000000090e+00	-9.995953e+00	1.526373e+00
-5.750000000000091e+00	-9.995952e+00	1.556216e+00
-5.740000000000091e+00	-9.995951e+00	1.586060e+00
-5.730000000000091e+00	-9.995950e+00	1.615904e+00
-5.720000000000091e+00	-9.995949e+00	1.645748e+00
-5.710000000000091e+00	-9.995948e+00	1.675592e+00
-5.700000000000092e+00	-9.995946e+00	1.705437e+00
-5.690000000000092e+00	-9.995945e+00	1.735282e+00
-5.680000000000092e+00	-9.995944e+00	1.765127e+00
-5.670000000000092e+00	-9.995943e+00	1.794972e+00
-5.660000000000093e+00	-9.995942e+00	1.824818e+00
-5.650000000000093e+00	-9.995941e+00	1.854664e+00
-5.640000000000093e+00	-9.995940e+00	1.884510e+00
-5.630000000000093e+00	-9.995938e+00	1.914356e+00
-5.620000000000093e+00	-9.995937e+00	1.944203e+00
-5.610000000000094e+00	-9.995936e+00	1.974050e+00
-5.600000000000094e+00	-9.995935e+00	2.003896e+00
-5.590000000000094e+00	-9.995934e+00	2.033744e+00
-5.580000000000094e+00	-9.995934e+00	2.063591e+00
-5.570000000000094e+00	-9.995933e+00	2.093439e+00
-5.560000000000095e+00	-9.995931e+00	2.123287e+00
-5.550000000000095e+00	-9.995930e+00	2.153135e+00
-5.540000000000095e+00	-9.995929e+00	2.182984e+00
-5.530000000000095e+00	-9.995928e+00	2.212832e+00
-5.520000000000095e+00	-9.995927e+00	2.242681e+00
-5.510000000000096e+00	-9.995926e+00	2.272530e+00
-5.500000000000096e+00	-9.995925e+00	2.302380e+00
-5.490000000000096e+00	-9.995923e+00	2.332229e+00
-5.480000000000096e+00	-9.995922e+00	2.362079e+00
-5.470000000000097e+00	-9.995921e+00	2.391929e+00
-5.460000000000097e+00	-9.995920e+00	2.421779e+00
-5.450000000000097e+00	-9.995919e+00	2.451629e+00
-5.440000000000097e+00	-9.995918e+00	2.481480e+00
-5.430000000000097e+00	-9.995917e+00	2.511331e+00
-5.420000000000098e+00	-9.995915e+00	2.541182e+00
-5.410000000000098e+00	-9.995914e+00	2.571033e+00
-5.400000000000098e+00	-9.995914e+00	2.600885e+00
-5.390000000000098e+00	-9.995913e+00	2.630737e+00
-5.380000000000098e+00	-9.995912e+00	2.660589e+00
-5.370000000000099e+00	-9.995911e+00	2.690441e+00
-5.360000000000099e+00	-9.995910e+00	2.720293e+00
-5.350000000000099e+00	-9.995908e+00	2.750146e+00
-5.340000000000099e+00	-9.995907e+00	2.779999e+00
-5.330000000000100e+00	-9.995906e+00	2.809852e+00
-5.320000000000100e+00	-9.995905e+00	2.839705e+00
-5.310000000000100e+00	-9.995904e+00	2.869559e+00
-5.300000000000100e+00	-9.995903e+00	2.899412e+00
-5.290000000000100e+00	-9.995902e+00	2.929266e+00
-5.280000000000101e+00	-9.995900e+00	2.959120e+00
-5.270000000000101e+00	-9.995899e+00	2.988975e+00
-5.260000000000101e+00	-9.995898e+00	3.018829e+00
-5.250000000000101e+00	-9.995897e+00	3.048684e+00
-5.240000000000101e+00	-9.995896e+00	3.078539e+00
-5.230000000000102e+00	-9.995895e+00	3.108394e+00
-5.220000000000102e+00	-9.995894e+00	3.138249e+00
-5.210000000000102e+00	-9.995893e+00	3.168105e+00
-5.200000000000102e+00	-9.995892e+00	3.197961e+00
-5.190000000000103e+00	-9.995891e+00	3.227817e+00
-5.180000000000103e+00	-9.995890e+00	3.257673e+00
-5.170000000000103e+00	-9.995889e+00	3.287529e+00
-5.160000000000103e+00	-9.995888e+00	3.317386e+00
-5.150000000000103e+00	-9.995887e+00	3.347243e+00
-5.140000000000104e+00	-9.995885e+00	3.377100e+00
-5.130000000000104e+00	-9.995884e+00	3.406957e+00
-5.120000000000104e+00	-9.995883e+00	3.436814e+00
-5.110000000000104e+00	-9.995882e+00	3.466672e+00
-5.100000000000104e+00	-9.995881e+00	3.496530e+00
-5.090000000000105e+00	-9.995880e+00	3.526388e+00
-5.080000000000105e+00	-9.995879e+00	3.556246e+00
-5.070000000000105e+00	-9.995877e+00	3.586104e+00
-5.060000000000105e+00	-9.995876e+00	3.615963e+00
-5.050000000000106e+00	-9.995875e+00	3.645821e+00
-5.040000000000106e+00	-9.995874e+00	3.675680e+00
-5.030000000000106e+00	-9.995872e+00	3.705539e+00
-5.020000000000106e+00	-9.995872e+00	3.735398e+00
-5.010000000000106e+00	-9.995871e+00	3.765257e+00
-5.000000000000107e+00	-9.995869e+00	3.795116e+00
-4.990000000000107e+00	-9.995867e+00	3.824975e+00
-4.980000000000107e+00	-9.995865e+00	3.854833e+00
-4.970000000000107e+00	-9.995862e+00	3.884691e+00
-4.960000000000107e+00	-9.995859e+00	3.914547e+00
-4.950000000000108e+00	-9.995855e+00	3.944402e+00
-4.940000000000108e+00	-9.995850e+00	3.974254e+00
-4.930000000000108e+00	-9.995842e+00	4.004103e+00
-4.920000000000108e+00	-9.995831e+00	4.033945e+00
-4.910000000000108e+00	-9.995816e+00	4.063779e+00
-4.900000000000109e+00	-9.995795e+00	4.093600e+00
-4.890000000000109e+00	-9.995765e+00	4.123403e+00
-4.880000000000109e+00	-9.995720e+00	4.153178e+00
-4.870000000000109e+00	-9.995655e+00	4.182914e+00
-4.860000000000110e+00	-9.995561e+00	4.212593e+00
-4.850000000000110e+00	-9.995425e+00	4.242188e+00
-4.840000000000110e+00	-9.995230e+00	4.271666e+00
-4.830000000000110e+00	-9.994951e+00	4.300978e+00
-4.820000000000110e+00	-9.994557e+00	4.330063e+00
-4.810000000000111e+00	-9.994009e+00	4.358840e+00
-4.800000000000111e+00	-9.993258e+00	4.387215e+00
-4.790000000000111e+00	-9.992248e+00	4.415079e+00
-4.780000000000111e+00	-9.990921e+00	4.442314e+00
-4.770000000000111e+00	-9.989216e+00	4.468797e+00
-4.760000000000112e+00	-9.987067e+00	4.494402e+00
-4.750000000000112e+00	-9.984407e+00	4.518992e+00
-4.740000000000112e+00	-9.981156e+00	4.542409e+00
-4.730000000000112e+00	-9.977215e+00	4.564458e+00
-4.720000000000113e+00	-9.972454e+00	4.584880e+00
-4.710000000000113e+00	-9.966696e+00	4.603326e+00
-4.700000000000113e+00	-9.959704e+00	4.619323e+00
-4.690000000000113e+00	-9.951168e+00	4.632259e+00
-4.680000000000113e+00	-9.940695e+00	4.641349e+00
-4.670000000000114e+00	-9.928040e+00	4.646114e+00
-4.660000000000114e+00	-9.913096e+00	4.646339e+00
-4.650000000000114e+00	-9.896160e+00	4.642612e+00
-4.640000000000114e+00	-9.877799e+00	4.636059e+00
-4.630000000000114e+00	-9.858582e+00	4.627809e+00
-4.620000000000115e+00	-9.838910e+00	4.618654e+00
-4.610000000000115e+00	-9.819012e+00	4.609053e+00
-4.600000000000115e+00	-9.799006e+00	4.599239e+00
-4.590000000000115e+00	-9.778951e+00	4.589326e+00
-4.580000000000116e+00	-9.758871e+00	4.579367e+00
-4.570000000000116e+00	-9.738781e+00	4.569387e+00
-4.560000000000116e+00	-9.718686e+00	4.559397e+00
-4.550000000000116e+00	-9.698588e+00	4.549402e+00
-4.540000000000116e+00	-9.678489e+00	4.539406e+00
-4.530000000000117e+00	-9.658389e+00	4.529408e+00
-4.520000000000117e+00	-9.638289e+00	4.519410e+00
-4.510000000000117e+00	-9.618189e+00	4.509412e+00
-4.500000000000117e+00	-9.598088e+00	4.499414e+00
-4.490000000000117e+00	-9.577987e+00	4.489416e+00
-4.480000000000118e+00	-9.557886e+00	4.479417e+00
-4.470000000000118e+00	-9.537785e+00	4.469419e+00
-4.460000000000118e+00	-9.517682e+00	4.459421e+00
-4.450000000000118e+00	-9.497581e+00	4.449422e+00
-4.440000000000119e+00	-9.477478e+00	4.439424e+00
-4.430000000000119e+00	-9.457376e+00	4.429425e+00
-4.420000000000119e+00	-9.437273e+00	4.419427e+00
-4.410000000000119e+00	-9.417171e+00	4.409429e+00
-4.400000000000119e+00	-9.397067e+00	4.399430e+00
-4.390000000000120e+00	-9.376965e+00	4.389432e+00
-4.380000000000120e+00	-9.356860e+00	4.379434e+00
-4.370000000000120e+00	-9.336757e+00	4.369435e+00
-4.360000000000120e+00	-9.316653e+00	4.359437e+00
-4.350000000000120e+00	-9.296549e+00	4.349439e+00
-4.340000000000121e+00	-9.276444e+00	4.339440e+00
-4.330000000000121e+00	-9.256339e+00	4.329442e+00
-4.320000000000121e+00	-9.236235e+00	4.319443e+00
-4.310000000000121e+00	-9.216129e+00	4.309445e+00
-4.300000000000122e+00	-9.196024e+00	4.299447e+00
-4.290000000000122e+00	-9.175918e+00	4.289448e+00
-4.280000000000122e+00	-9.155812e+00	4.279450e+00
-4.270000000000122e+00	-9.135706e+00	4.269452e+00
-4.260000000000122e+00	-9.115600e+00	4.259453e+00
-4.250000000000123e+00	-9.095492e+00	4.249455e+00
-4.240000000000123e+00	-9.075385e+00	4.239457e+00
-4.230000000000123e+00	-9.055279e+00	4.229458e+00
-4.220000000000123e+00	-9.035171e+00	4.219460e+00
-4.210000000000123e+00	-9.015063e+00	4.209461e+00
-4.200000000000124e+00	-8.994955e+00	4.199463e+00
-4.190000000000124e+00	-8.974847e+00	4.189465e+00
-4.180000000000124e+00	-8.954739e+00	4.179466e+00
-4.170000000000124e+00	-8.934629e+00	4.169468e+00
-4.160000000000124e+00	-8.914520e+00	4.159470e+00
-4.150000000000125e+00	-8.894411e+00	4.149471e+00
-4.140000000000125e+00	-8.874302e+00	4.139473e+00
-4.130000000000125e+00	-8.854192e+00	4.129475e+00
-4.120000000000125e+00	-8.834082e+00	4.119476e+00
-4.110000000000126e+00	-8.813972e+00	4.109478e+00
-4.100000000000126e+00	-8.793861e+00	4.099479e+00
-4.090000000000126e+00	-8.773750e+00	4.089481e+00
-4.080000000000126e+00	-8.753639e+00	4.079483e+00
-4.070000000000126e+00	-8.733528e+00	4.069484e+00
-4.060000000000127e+00	-8.713416e+00	4.059486e+00
-4.050000000000127e+00	-8.693304e+00	4.049488e+00
-4.040000000000127e+00	-8.673192e+00	4.039489e+00
-4.030000000000127e+00	-8.653079e+00	4.029491e+00
-4.020000000000127e+00	-8.632966e+00	4.019493e+00
-4.010000000000128e+00	-8.612853e+00	4.009494e+00
-4.000000000000128e+00	-8.592740e+00	3.999496e+00
-3.990000000000128e+00	-8.572626e+00	3.989497e+00
-3.980000000000128e+00	-8.552512e+00	3.979499e+00
-3.970000000000129e+00	-8.532398e+00	3.969501e+00
-3.960000000000129e+00	-8.512284e+00	3.959502e+00
-3.950000000000129e+00	-8.492169e+00	3.949504e+00
-3.940000000000129e+00	-8.472054e+00	3.939506e+00
-3.930000000000129e+00	-8.451939e+00	3.929507e+00
-3.920000000000130e+00	-8.431823e+00	3.919509e+00
-3.910000000000130e+00	-8.411707e+00	3.909511e+00
-3.900000000000130e+00	-8.391591e+00	3.899512e+00
-3.890000000000130e+00	-8.371474e+00	3.889514e+00
-3.880000000000130e+00	-8.351357e+00	3.879515e+00
-3.870000000000131e+00	-8.331241e+00	3.869517e+00
-3.860000000000131e+00	-8.311123e+00	3.859519e+00
-3.850000000000131e+00	-8.291005e+00	3.849520e+00
-3.840000000000131e+00	-8.270887e+00	3.839522e+00
-3.830000000000132e+00	-8.250769e+00	3.829524e+00
-3.820000000000132e+00	-8.230650e+00	3.819525e+00
-3.810000000000132e+00	-8.210531e+00	3.809527e+00
-3.800000000000132e+00	-8.190412e+00	3.799529e+00
-3.790000000000132e+00	-8.170292e+00	3.789530e+00
-3.780000000000133e+00	-8.150172e+00	3.779532e+00
-3.770000000000133e+00	-8.130052e+00	3.769534e+00
-3.760000000000133e+00	-8.109931e+00	3.759535e+00
-3.750000000000133e+00	-8.089810e+00	3.749537e+00
-3.740000000000133e+00	-8.069689e+00	3.739538e+00
-3.730000000000134e+00	-8.049567e+00	3.729540e+00
-3.720000000000134e+00	-8.029446e+00	3.719542e+00
-3.710000000000134e+00	-8.009323e+00	3.709543e+00
-3.700000000000134e+00	-7.989201e+00	3.699545e+00
-3.690000000000135e+00	-7.969078e+00	3.689547e+00
-3.680000000000135e+00	-7.948955e+00	3.679548e+00
-3.670000000000135e+00	-7.928832e+00	3.669550e+00
-3.660000000000135e+00	-7.908708e+00	3.659552e+00
-3.650000000000135e+00	-7.888584e+00	3.649553e+00
-3.640000000000136e+00	-7.868459e+00	3.639555e+00
-3.630000000000136e+00	-7.848334e+00	3.629557e+00
-3.620000000000136e+00	-7.828209e+00	3.619558e+00
-3.610000000000136e+00	-7.808084e+00	3.609560e+00
-3.600000000000136e+00	-7.787958e+00	3.599561e+00
-3.590000000000137e+00	-7.767831e+00	3.589563e+00
-3.580000000000137e+00	-7.747705e+00	3.579565e+00
-3.570000000000137e+00	-7.727578e+00	3.569566e+00
-3.560000000000137e+00	-7.707450e+00	3.559568e+00
-3.550000000000137e+00	-7.687323e+00	3.549570e+00
-3.540000000000138e+00	-7.667195e+00	3.539572e+00
-3.530000000000138e+00	-7.647066e+00	3.529573e+00
-3.520000000000138e+00	-7.626937e+00	3.519575e+00
-3.510000000000138e+00	-7.606808e+00	3.509576e+00
-3.500000000000139e+00	-7.586679e+00	3.499578e+00
-3.490000000000139e+00	-7.566549e+00	3.489580e+00
-3.480000000000139e+00	-7.546419e+00	3.479581e+00
-3.470000000000139e+00	-7.526288e+00	3.469583e+00
-3.460000000000139e+00	-7.506157e+00	3.459584e+00
-3.450000000000140e+00	-7.486026e+00	3.449586e+00
-3.440000000000140e+00	-7.465894e+00	3.439588e+00
-3.430000000000140e+00	-7.445762e+00	3.429590e+00
-3.420000000000140e+00	-7.425630e+00	3.419591e+00
-3.410000000000140e+00	-7.405497e+00	3.409593e+00
-3.400000000000141e+00	-7.385363e+00	3.399595e+00
-3.390000000000141e+00	-7.365230e+00	3.389596e+00
-3.380000000000141e+00	-7.345096e+00	3.379598e+00
-3.370000000000141e+00	-7.324961e+00	3.369599e+00
-3.360000000000142e+00	-7.304826e+00	3.359601e+00
-3.350000000000142e+00	-7.284691e+00	3.349603e+00
-3.340000000000142e+00	-7.264555e+00	3.339604e+00
-3.330000000000142e+00	-7.244419e+00	3.329606e+00
-3.320000000000142e+00	-7.224283e+00	3.319608e+00
-3.310000000000143e+00	-7.204146e+00	3.309609e+00
-3.300000000000143e+00	-7.184009e+00	3.299611e+00
-3.290000000000143e+00	-7.163871e+00	3.289613e+00
-3.280000000000143e+00	-7.143733e+00	3.279614e+00
-3.270000000000143e+00	-7.123594e+00	3.269616e+00
-3.260000000000144e+00	-7.103455e+00	3.259618e+00
-3.250000000000144e+00	-7.083316e+00	3.249619e+00
-3.240000000000144e+00	-7.063176e+00	3.239621e+00
-3.230000000000144e+00	-7.043036e+00	3.229623e+00
-3.220000000000145e+00	-7.022895e+00	3.219624e+00
-3.210000000000145e+00	-7.002754e+00	3.209626e+00
-3.200000000000145e+00	-6.982612e+00	3.199627e+00
-3.190000000000145e+00	-6.962470e+00	3.189629e+00
-3.180000000000145e+00	-6.942327e+00	3.179631e+00
-3.170000000000146e+00	-6.922184e+00	3.169632e+00
-3.160000000000146e+00	-6.902041e+00	3.159634e+00
-3.150000000000146e+00	-6.881897e+00	3.149636e+00
-3.140000000000146e+00	-6.861753e+00	3.139637e+00
-3.130000000000146e+00	-6.841609e+00	3.129639e+00
-3.120000000000147e+00	-6.821463e+00	3.119641e+00
-3.110000000000147e+00	-6.801318e+00	3.109642e+00
-3.100000000000147e+00	-6.781171e+00	3.099644e+00
-3.090000000000147e+00	-6.761025e+00	3.089646e+00
-3.080000000000148e+00	-6.740878e+00	3.079647e+00
-3.070000000000148e+00	-6.720730e+00	3.069649e+00
-3.060000000000148e+00	-6.700582e+00	3.059651e+00
-3.050000000000148e+00	-6.680434e+00	3.049652e+00
-3.040000000000148e+00	-6.660285e+00	3.039654e+00
-3.030000000000149e+00	-6.640135e+00	3.029655e+00
-3.020000000000149e+00	-6.619985e+00	3.019657e+00
-3.010000000000149e+00	-6.599834e+00	3.009659e+00
-3.000000000000149e+00	-6.579684e+00	2.999660e+00
-2.990000000000149e+00	-6.559532e+00	2.989662e+00
-2.980000000000150e+00	-6.539380e+00	2.979664e+00
-2.970000000000150e+00	-6.519228e+00	2.969666e+00
-2.960000000000150e+00	-6.499074e+00	2.959667e+00
-2.950000000000150e+00	-6.478921e+00	2.949669e+00
-2.940000000000150e+00	-6.458767e+00	2.939670e+00
-2.930000000000151e+00	-6.438612e+00	2.929672e+00
-2.920000000000151e+00	-6.418458e+00	2.919674e+00
-2.910000000000151e+00	-6.398302e+00	2.909675e+00
-2.900000000000151e+00	-6.378146e+00	2.899677e+00
-2.890000000000152e+00	-6.357989e+00	2.889679e+00
-2.880000000000152e+00	-6.337831e+00	2.879680e+00
-2.870000000000152e+00	-6.317674e+00	2.869682e+00
-2.860000000000152e+00	-6.297515e+00	2.859684e+00
-2.850000000000152e+00	-6.277357e+00	2.849685e+00
-2.840000000000153e+00	-6.257197e+00	2.839687e+00
-2.830000000000153e+00	-6.237037e+00	2.829689e+00
-2.820000000000153e+00	-6.216877e+00	2.819690e+00
-2.810000000000153e+00	-6.196715e+00	2.809692e+00
-2.800000000000153e+00	-6.176553e+00	2.799694e+00
-2.790000000000154e+00	-6.156391e+00	2.789695e+00
-2.780000000000154e+00	-6.136228e+00	2.779697e+00
-2.770000000000154e+00	-6.116065e+00	2.769699e+00
-2.760000000000154e+00	-6.095901e+00	2.759700e+00
-2.750000000000155e+00	-6.075736e+00	2.749702e+00
-2.740000000000155e+00	-6.055571e+00	2.739703e+00
-2.730000000000155e+00	-6.035405e+00	2.729705e+00
-2.720000000000155e+00	-6.015238e+00	2.719707e+00
-2.710000000000155e+00	-5.995071e+00	2.709708e+00
-2.700000000000156e+00	-5.974904e+00	2.699710e+00
-2.690000000000156e+00	-5.954735e+00	2.689712e+00
-2.680000000000156e+00	-5.934566e+00	2.679713e+00
-2.670000000000156e+00	-5.914397e+00	2.669715e+00
-2.660000000000156e+00	-5.894227e+00	2.659717e+00
-2.650000000000157e+00	-5.874055e+00	2.649719e+00
-2.640000000000157e+00	-5.853884e+00	2.639720e+00
-2.630000000000157e+00	-5.833712e+00	2.629722e+00
-2.620000000000157e+00	-5.813539e+00	2.619723e+00
-2.610000000000158e+00	-5.793365e+00	2.609725e+00
-2.600000000000158e+00	-5.773191e+00	2.599727e+00
-2.590000000000158e+00	-5.753016e+00	2.589728e+00
-2.580000000000158e+00	-5.732841e+00	2.579730e+00
-2.570000000000158e+00	-5.712665e+00	2.569732e+00
-2.560000000000159e+00	-5.692488e+00	2.559733e+00
-2.550000000000159e+00	-5.672311e+00	2.549735e+00
-2.540000000000159e+00	-5.652133e+00	2.539737e+00
-2.530000000000159e+00	-5.631953e+00	2.529738e+00
-2.520000000000159e+00	-5.611774e+00	2.519740e+00
-2.510000000000160e+00	-5.591593e+00	2.509742e+00
-2.500000000000160e+00	-5.571412e+00	2.499743e+00
-2.490000000000160e+00	-5.551230e+00	2.489745e+00
-2.480000000000160e+00	-5.531048e+00	2.479747e+00
-2.470000000000161e+00	-5.510865e+00	2.469748e+00
-2.460000000000161e+00	-5.490681e+00	2.459750e+00
-2.450000000000161e+00	-5.470496e+00	2.449752e+00
-2.440000000000161e+00	-5.450310e+00	2.439753e+00
-2.430000000000161e+00	-5.430124e+00	2.429755e+00
-2.420000000000162e+00	-5.409937e+00	2.419757e+00
-2.410000000000162e+00	-5.389749e+00	2.409758e+00
-2.400000000000162e+00	-5.369561e+00	2.399760e+00
-2.390000000000162e+00	-5.349371e+00	2.389761e+00
-2.380000000000162e+00	-5.329181e+00	2.379763e+00
-2.370000000000163e+00	-5.308990e+00	2.369765e+00
-2.360000000000163e+00	-5.288798e+00	2.359766e+00
-2.350000000000163e+00	-5.268606e+00	2.349768e+00
-2.340000000000163e+00	-5.248412e+00	2.339770e+00
-2.330000000000163e+00	-5.228218e+00	2.329772e+00
-2.320000000000164e+00	-5.208023e+00	2.319773e+00
-2.310000000000164e+00	-5.187827e+00	2.309775e+00
-2.300000000000164e+00	-5.167630e+00	2.299777e+00
-2.290000000000164e+00	-5.147433e+00	2.289778e+00
-2.280000000000165e+00	-5.127234e+00	2.279780e+00
-2.270000000000165e+00	-5.107035e+00	2.269782e+00
-2.260000000000165e+00	-5.086834e+00	2.259783e+00
-2.250000000000165e+00	-5.066633e+00	2.249785e+00
-2.240000000000165e+00	-5.046432e+00	2.239786e+00
-2.230000000000166e+00	-5.026228e+00	2.229788e+00
-2.220000000000166e+00	-5.006024e+00	2.219790e+00
-2.210000000000166e+00	-4.985820e+00	2.209791e+00
-2.200000000000166e+00	-4.965614e+00	2.199793e+00
-2.190000000000166e+00	-4.945407e+00	2.189795e+00
-2.180000000000167e+00	-4.925200e+00	2.179796e+00
-2.170000000000167e+00	-4.904992e+00	2.169798e+00
-2.160000000000167e+00	-4.884782e+00	2.159800e+00
-2.150000000000167e+00	-4.864572e+00	2.149801e+00
-2.140000000000168e+00	-4.844360e+00	2.139803e+00
-2.130000000000168e+00	-4.824148e+00	2.129805e+00
-2.120000000000168e+00	-4.803934e+00	2.119807e+00
-2.110000000000168e+00	-4.783720e+00	2.109808e+00
-2.100000000000168e+00	-4.763505e+00	2.099810e+00
-2.090000000000169e+00	-4.743288e+00	2.089811e+00
-2.080000000000169e+00	-4.723070e+00	2.079813e+00
-2.070000000000169e+00	-4.702852e+00	2.069815e+00
-2.060000000000169e+00	-4.682632e+00	2.059816e+00
-2.050000000000169e+00	-4.662412e+00	2.049818e+00
-2.040000000000170e+00	-4.642190e+00	2.039820e+00
-2.030000000000170e+00	-4.621967e+00	2.029821e+00
-2.020000000000170e+00	-4.601743e+00	2.019823e+00
-2.010000000000170e+00	-4.581518e+00	2.009825e+00
-2.000000000000171e+00	-4.561292e+00	1.999826e+00
-1.990000000000171e+00	-4.541064e+00	1.989828e+00
-1.980000000000171e+00	-4.520836e+00	1.979830e+00
-1.970000000000171e+00	-4.500607e+00	1.969831e+00
-1.960000000000170e+00	-4.480376e+00	1.959833e+00
-1.950000000000170e+00	-4.460144e+00	1.949835e+00
-1.940000000000170e+00	-4.439910e+00	1.939836e+00
-1.930000000000170e+00	-4.419676e+00	1.929838e+00
-1.920000000000170e+00	-4.399440e+00	1.919840e+00
-1.910000000000170e+00	-4.379204e+00	1.909841e+00
-1.900000000000170e+00	-4.358966e+00	1.899843e+00
-1.890000000000170e+00	-4.338727e+00	1.889845e+00
-1.880000000000170e+00	-4.318486e+00	1.879846e+00
-1.870000000000170e+00	-4.298244e+00	1.869848e+00
-1.860000000000170e+00	-4.278001e+00	1.859850e+00
-1.850000000000170e+00	-4.257756e+00	1.849851e+00
-1.840000000000170e+00	-4.237511e+00	1.839853e+00
-1.830000000000170e+00	-4.217264e+00	1.829855e+00
-1.820000000000170e+00	-4.197015e+00	1.819856e+00
-1.810000000000170e+00	-4.176765e+00	1.809858e+00
-1.800000000000170e+00	-4.156514e+00	1.799860e+00
-1.790000000000170e+00	-4.136261e+00	1.789861e+00
-1.780000000000170e+00	-4.116007e+00	1.779863e+00
-1.770000000000170e+00	-4.095752e+00	1.769865e+00
-1.760000000000170e+00	-4.075495e+00	1.759866e+00
-1.750000000000170e+00	-4.055237e+00	1.749868e+00
-1.740000000000170e+00	-4.034977e+00	1.739870e+00
-1.730000000000170e+00	-4.014715e+00	1.729872e+00
-1.720000000000170e+00	-3.994452e+00	1.719873e+00
-1.710000000000170e+00	-3.974188e+00	1.709875e+00
-1.700000000000170e+00	-3.953922e+00	1.699877e+00
-1.690000000000170e+00	-3.933655e+00	1.689878e+00
-1.680000000000170e+00	-3.913386e+00	1.679880e+00
-1.670000000000170e+00	-3.893115e+00	1.669881e+00
-1.660000000000170e+00	-3.872843e+00	1.659883e+00
-1.650000000000170e+00	-3.852569e+00	1.649885e+00
-1.640000000000170e+00	-3.832293e+00	1.639886e+00
-1.630000000000170e+00	-3.812016e+00	1.629888e+00
-1.620000000000170e+00	-3.791737e+00	1.619890e+00
-1.610000000000170e+00	-3.771456e+00	1.609892e+00
-1.600000000000170e+00	-3.751173e+00	1.599893e+00
-1.590000000000170e+00	-3.730889e+00	1.589895e+00
-1.580000000000170e+00	-3.710603e+00	1.579897e+00
-1.570000000000170e+00	-3.690315e+00	1.569898e+00
-1.560000000000170e+00	-3.670026e+00	1.559900e+00
-1.550000000000170e+00	-3.649734e+00	1.549902e+00
-1.540000000000170e+00	-3.629441e+00	1.539903e+00
-1.530000000000170e+00	-3.609145e+00	1.529905e+00
-1.520000000000170e+00	-3.588848e+00	1.519907e+00
-1.510000000000170e+00	-3.568549e+00	1.509908e+00
-1.500000000000170e+00	-3.548247e+00	1.499910e+00
-1.490000000000170e+00	-3.527944e+00	1.489912e+00
-1.480000000000170e+00	-3.507639e+00	1.479913e+00
-1.470000000000170e+00	-3.487332e+00	1.469915e+00
-1.460000000000170e+00	-3.467022e+00	1.459917e+00
-1.450000000000170e+00	-3.446710e+00	1.449918e+00
-1.440000000000170e+00	-3.426397e+00	1.439920e+00
-1.430000000000170e+00	-3.406081e+00	1.429922e+00
-1.420000000000170e+00	-3.385763e+00	1.419923e+00
-1.410000000000170e+00	-3.365442e+00	1.409925e+00
-1.400000000000170e+00	-3.345120e+00	1.399927e+00
-1.390000000000170e+00	-3.324795e+00	1.389928e+00
-1.380000000000170e+00	-3.304467e+00	1.379930e+00
-1.370000000000170e+00	-3.284137e+00	1.369932e+00
-1.360000000000170e+00	-3.263805e+00	1.359933e+00
-1.350000000000170e+00	-3.243471e+00	1.349935e+00
-1.340000000000170e+00	-3.223134e+00	1.339937e+00
-1.330000000000170e+00	-3.202794e+00	1.329938e+00
-1.320000000000170e+00	-3.182452e+00	1.319940e+00
-1.310000000000170e+00	-3.162107e+00	1.309942e+00
-1.300000000000170e+00	-3.141760e+00	1.299943e+00
-1.290000000000170e+00	-3.121410e+00	1.289945e+00
-1.280000000000170e+00	-3.101057e+00	1.279947e+00
-1.270000000000170e+00	-3.080702e+00	1.269948e+00
-1.260000000000170e+00	-3.060343e+00	1.259950e+00
-1.250000000000170e+00	-3.039982e+00	1.249952e+00
-1.240000000000170e+00	-3.019618e+00	1.239954e+00
-1.230000000000170e+00	-2.999251e+00	1.229955e+00
-1.220000000000170e+00	-2.978881e+00	1.219957e+00
-1.210000000000170e+00	-2.958508e+00	1.209959e+00
-1.200000000000170e+00	-2.938132e+00	1.199960e+00
-1.190000000000170e+00	-2.917752e+00	1.189962e+00
-1.180000000000170e+00	-2.897370e+00	1.179964e+00
-1.170000000000170e+00	-2.876984e+00	1.169965e+00
-1.160000000000170e+00	-2.856595e+00	1.159967e+00
-1.150000000000170e+00	-2.836203e+00	1.149969e+00
-1.140000000000170e+00	-2.815807e+00	1.139970e+00
-1.130000000000170e+00	-2.795407e+00	1.129972e+00
-1.120000000000170e+00	-2.775004e+00	1.119974e+00
-1.110000000000170e+00	-2.754598e+00	1.109975e+00
-1.100000000000170e+00	-2.734188e+00	1.099977e+00
-1.090000000000170e+00	-2.713774e+00	1.089979e+00
-1.080000000000170e+00	-2.693356e+00	1.079980e+00
-1.070000000000170e+00	-2.672934e+00	1.069982e+00
-1.060000000000170e+00	-2.652509e+00	1.059984e+00
-1.050000000000170e+00	-2.632079e+00	1.049986e+00
-1.040000000000170e+00	-2.611645e+00	1.039987e+00
-1.030000000000170e+00	-2.591208e+00	1.029989e+00
-1.020000000000170e+00	-2.570765e+00	1.019991e+00
-1.010000000000170e+00	-2.550319e+00	1.009992e+00
-1.000000000000170e+00	-2.529868e+00	9.999940e-01
-9.900000000001696e-01	-2.509412e+00	9.899957e-01
-9.800000000001696e-01	-2.488952e+00	9.799973e-01
-9.700000000001696e-01	-2.468487e+00	9.699990e-01
-9.600000000001696e-01	-2.448018e+00	9.600007e-01
-9.500000000001696e-01	-2.427543e+00	9.500024e-01
-9.400000000001696e-01	-2.407063e+00	9.400041e-01
-9.300000000001696e-01	-2.386579e+00	9.300058e-01
-9.200000000001696e-01	-2.366089e+00	9.200075e-01
-9.100000000001696e-01	-2.345593e+00	9.100091e-01
-9.000000000001696e-01	-2.325093e+00	9.000108e-01
-8.900000000001695e-01	-2.304586e+00	8.900125e-01
-8.800000000001695e-01	-2.284074e+00	8.800142e-01
-8.700000000001695e-01	-2.263556e+00	8.700159e-01
-8.600000000001695e-01	-2.243032e+00	8.600176e-01
-8.500000000001695e-01	-2.222502e+00	8.500193e-01
-8.400000000001695e-01	-2.201966e+00	8.400210e-01
-8.300000000001695e-01	-2.181423e+00	8.300227e-01
-8.200000000001695e-01	-2.160874e+00	8.200244e-01
-8.100000000001695e-01	-2.140318e+00	8.100260e-01
-8.000000000001695e-01	-2.119755e+00	8.000277e-01
-7.900000000001695e-01	-2.099185e+00	7.900295e-01
-7.800000000001694e-01	-2.078607e+00	7.800311e-01
-7.700000000001694e-01	-2.058023e+00	7.700328e-01
-7.600000000001694e-01	-2.037430e+00	7.600345e-01
-7.500000000001694e-01	-2.016830e+00	7.500362e-01
-7.400000000001694e-01	-1.996222e+00	7.400379e-01
-7.300000000001694e-01	-1.975605e+00	7.300396e-01
-7.200000000001694e-01	-1.954980e+00	7.200413e-01
-7.100000000001694e-01	-1.934346e+00	7.100430e-01
-7.000000000001694e-01	-1.913704e+00	7.000447e-01
-6.900000000001694e-01	-1.893052e+00	6.900464e-01
-6.800000000001694e-01	-1.872390e+00	6.800481e-01
-6.700000000001693e-01	-1.851719e+00	6.700498e-01
-6.600000000001693e-01	-1.831037e+00	6.600515e-01
-6.500000000001693e-01	-1.810346e+00	6.500532e-01
-6.400000000001693e-01	-1.789643e+00	6.400549e-01
-6.300000000001693e-01	-1.768929e+00	6.300566e-01
-6.200000000001693e-01	-1.748205e+00	6.200583e-01
-6.100000000001693e-01	-1.727468e+00	6.100600e-01
-6.000000000001693e-01	-1.706719e+00	6.000617e-01
-5.900000000001693e-01	-1.685957e+00	5.900634e-01
-5.800000000001693e-01	-1.665183e+00	5.800651e-01
-5.700000000001693e-01	-1.644395e+00	5.700668e-01
-5.600000000001693e-01	-1.623593e+00	5.600685e-01
-5.500000000001692e-01	-1.602777e+00	5.500702e-01
-5.400000000001692e-01	-1.581945e+00	5.400720e-01
-5.300000000001692e-01	-1.561098e+00	5.300736e-01
-5.200000000001692e-01	-1.540235e+00	5.200754e-01
-5.100000000001692e-01	-1.519356e+00	5.100771e-01
-5.000000000001692e-01	-1.498458e+00	5.000788e-01
-4.900000000001692e-01	-1.477543e+00	4.900805e-01
-4.800000000001692e-01	-1.456609e+00	4.800822e-01
-4.700000000001692e-01	-1.435655e+00	4.700839e-01
-4.600000000001692e-01	-1.414681e+00	4.600856e-01
-4.500000000001692e-01	-1.393685e+00	4.500873e-01
-4.400000000001691e-01	-1.372667e+00	4.400890e-01
-4.300000000001691e-01	-1.351626e+00	4.300908e-01
-4.200000000001691e-01	-1.330560e+00	4.200925e-01
-4.100000000001691e-01	-1.309468e+00	4.100942e-01
-4.000000000001691e-01	-1.288350e+00	4.000959e-01
-3.900000000001691e-01	-1.267203e+00	3.900976e-01
-3.800000000001691e-01	-1.246026e+00	3.800994e-01
-3.700000000001691e-01	-1.224818e+00	3.701011e-01
-3.600000000001691e-01	-1.203577e+00	3.601028e-01
-3.500000000001691e-01	-1.182301e+00	3.501045e-01
-3.400000000001691e-01	-1.160988e+00	3.401063e-01
-3.300000000001690e-01	-1.139636e+00	3.301080e-01
-3.200000000001690e-01	-1.118243e+00	3.201097e-01
-3.100000000001690e-01	-1.096805e+00	3.101115e-01
-3.000000000001690e-01	-1.075320e+00	3.001132e-01
-2.900000000001690e-01	-1.053784e+00	2.901149e-01
-2.800000000001690e-01	-1.032195e+00	2.801167e-01
-2.700000000001690e-01	-1.010548e+00	2.701184e-01
-2.600000000001690e-01	-9.888392e-01	2.601202e-01
-2.500000000001690e-01	-9.670632e-01	2.501219e-01
-2.400000000001690e-01	-9.452148e-01	2.401237e-01
-2.300000000001690e-01	-9.232878e-01	2.301254e-01
-2.200000000001689e-01	-9.012752e-01	2.201272e-01
-2.100000000001689e-01	-8.791690e-01	2.101289e-01
-2.000000000001689e-01	-8.569602e-01	2.001307e-01
-1.900000000001689e-01	-8.346382e-01	1.901325e-01
-1.800000000001689e-01	-8.121908e-01	1.801342e-01
-1.700000000001689e-01	-7.896037e-01	1.701360e-01
-1.600000000001689e-01	-7.668599e-01	1.601378e-01
-1.500000000001689e-01	-7.439392e-01	1.501396e-01
-1.400000000001689e-01	-7.208173e-01	1.401414e-01
-1.300000000001689e-01	-6.974643e-01	1.301432e-01
-1.200000000001689e-01	-6.738433e-01	1.201450e-01
-1.100000000001689e-01	-6.499078e-01	1.101469e-01
-1.000000000001689e-01	-6.255977e-01	1.001487e-01
-9.000000000016889e-02	-6.008345e-01	9.015060e-02
-8.000000000016889e-02	-5.755114e-01	8.015250e-02
-7.000000000016890e-02	-5.494794e-01	7.015442e-02
-6.000000000016890e-02	-5.225205e-01	6.015638e-02
-5.000000000016890e-02	-4.942986e-01	5.015839e-02
-4.000000000016889e-02	-4.642540e-01	4.016047e-02
-3.000000000016889e-02	-4.313530e-01	3.016267e-02
-2.000000000016889e-02	-3.933537e-01	2.016508e-02
-1.000000000016889e-02	-3.421389e-01	1.016804e-02
-1.688892081741500e-13	-1.471222e-01	1.786866e-04
9.999999999831111e-03	2.801978e-01	9.751350e-03
1.999999999983111e-02	3.220277e-01	1.975089e-02
2.999999999983111e-02	3.505867e-01	2.975035e-02
3.999999999983112e-02	3.739902e-01	3.974978e-02
4.999999999983112e-02	3.939708e-01	4.974918e-02
5.999999999983112e-02	4.121661e-01	5.974858e-02
6.999999999983111e-02	4.291555e-01	6.974798e-02
7.999999999983111e-02	4.452176e-01	7.974736e-02
8.999999999983110e-02	4.605649e-01	8.974674e-02
9.999999999983110e-02	4.753482e-01	9.974612e-02
1.099999999998311e-01	4.896750e-01	1.097455e-01
1.199999999998311e-01	5.036248e-01	1.197449e-01
1.299999999998311e-01	5.172578e-01	1.297442e-01
1.399999999998311e-01	5.306211e-01	1.397436e-01
1.499999999998311e-01	5.437520e-01	1.497430e-01
1.599999999998311e-01	5.566806e-01	1.597423e-01
1.699999999998311e-01	5.694312e-01	1.697417e-01
1.799999999998311e-01	5.820245e-01	1.797410e-01
1.899999999998311e-01	5.944774e-01	1.897404e-01
1.999999999998311e-01	6.068042e-01	1.997398e-01
2.099999999998312e-01	6.190174e-01	2.097391e-01
2.199999999998312e-01	6.311275e-01	2.197385e-01
2.299999999998312e-01	6.431437e-01	2.297378e-01
2.399999999998312e-01	6.550740e-01	2.397372e-01
2.499999999998312e-01	6.669254e-01	2.497365e-01
2.599999999998312e-01	6.787041e-01	2.597359e-01
2.699999999998312e-01	6.904157e-01	2.697352e-01
2.799999999998312e-01	7.020649e-01	2.797346e-01
2.899999999998312e-01	7.136562e-01	2.897340e-01
2.999999999998312e-01	7.251935e-01	2.997333e-01
3.099999999998312e-01	7.366804e-01	3.097327e-01
3.199999999998313e-01	7.481200e-01	3.197320e-01
3.299999999998313e-01	7.595152e-01	3.297314e-01
3.399999999998313e-01	7.708688e-01	3.397307e-01
3.499999999998313e-01	7.821832e-01	3.497301e-01
3.599999999998313e-01	7.934604e-01	3.597294e-01
3.699999999998313e-01	8.047026e-01	3.697288e-01
3.799999999998313e-01	8.159117e-01	3.797281e-01
3.899999999998313e-01	8.270894e-01	3.897275e-01
3.999999999998313e-01	8.382372e-01	3.997268e-01
4.099999999998313e-01	8.493567e-01	4.097262e-01
4.199999999998313e-01	8.604491e-01	4.197255e-01
4.299999999998314e-01	8.715159e-01	4.297249e-01
4.399999999998314e-01	8.825581e-01	4.397242e-01
4.499999999998314e-01	8.935769e-01	4.497236e-01
4.599999999998314e-01	9.045732e-01	4.597229e-01
4.699999999998314e-01	9.155481e-01	4.697223e-01
4.799999999998314e-01	9.265025e-01	4.797216e-01
4.899999999998314e-01	9.374372e-01	4.897210e-01
4.999999999998314e-01	9.483530e-01	4.997203e-01
5.099999999998314e-01	9.592506e-01	5.097197e-01
5.199999999998314e-01	9.701309e-01	5.197190e-01
5.299999999998314e-01	9.809943e-01	5.297184e-01
5.399999999998314e-01	9.918416e-01	5.397177e-01
5.499999999998314e-01	1.002673e+00	5.497171e-01
5.599999999998314e-01	1.013490e+00	5.597164e-01
5.699999999998314e-01	1.024292e+00	5.697157e-01
5.799999999998314e-01	1.035081e+00	5.797151e-01
5.899999999998314e-01	1.045855e+00	5.897145e-01
5.999999999998314e-01	1.056617e+00	5.997138e-01
6.099999999998315e-01	1.067366e+00	6.097131e-01
6.199999999998315e-01	1.078103e+00	6.197125e-01
6.299999999998315e-01	1.088829e+00	6.297119e-01
6.399999999998315e-01	1.099542e+00	6.397112e-01
6.499999999998315e-01	1.110245e+00	6.497105e-01
6.599999999998315e-01	1.120937e+00	6.597099e-01
6.699999999998315e-01	1.131619e+00	6.697092e-01
6.799999999998315e-01	1.142290e+00	6.797086e-01
6.899999999998315e-01	1.152952e+00	6.897079e-01
6.999999999998315e-01	1.163604e+00	6.997073e-01
7.099999999998315e-01	1.174247e+00	7.097066e-01
7.199999999998316e-01	1.184881e+00	7.197059e-01
7.299999999998316e-01	1.195506e+00	7.297053e-01
7.399999999998316e-01	1.206123e+00	7.397047e-01
7.499999999998316e-01	1.216731e+00	7.497040e-01
7.599999999998316e-01	1.227331e+00	7.597033e-01
7.699999999998316e-01	1.237924e+00	7.697027e-01
7.799999999998316e-01	1.248508e+00	7.797020e-01
7.899999999998316e-01	1.259086e+00	7.897014e-01
7.999999999998316e-01	1.269656e+00	7.997007e-01
8.099999999998316e-01	1.280219e+00	8.097001e-01
8.199999999998316e-01	1.290775e+00	8.196994e-01
8.299999999998317e-01	1.301324e+00	8.296987e-01
8.399999999998317e-01	1.311867e+00	8.396981e-01
8.499999999998317e-01	1.322403e+00	8.496975e-01
8.599999999998317e-01	1.332933e+00	8.596968e-01
8.699999999998317e-01	1.343457e+00	8.696961e-01
8.799999999998317e-01	1.353975e+00	8.796955e-01
8.899999999998317e-01	1.364487e+00	8.896948e-01
8.999999999998317e-01	1.374993e+00	8.996941e-01
9.099999999998317e-01	1.385494e+00	9.096935e-01
9.199999999998317e-01	1.395990e+00	9.196929e-01
9.299999999998317e-01	1.406479e+00	9.296922e-01
9.399999999998317e-01	1.416964e+00	9.396915e-01
9.499999999998318e-01	1.427444e+00	9.496909e-01
9.599999999998318e-01	1.437918e+00	9.596902e-01
9.699999999998318e-01	1.448388e+00	9.696895e-01
9.799999999998318e-01	1.458853e+00	9.796889e-01
9.899999999998318e-01	1.469313e+00	9.896883e-01
9.999999999998318e-01	1.479768e+00	9.996876e-01
1.009999999999832e+00	1.490219e+00	1.009687e+00
1.019999999999832e+00	1.500665e+00	1.019686e+00
1.029999999999832e+00	1.511107e+00	1.029686e+00
1.039999999999832e+00	1.521545e+00	1.039685e+00
1.049999999999832e+00	1.531979e+00	1.049684e+00
1.059999999999832e+00	1.542408e+00	1.059684e+00
1.069999999999832e+00	1.552834e+00	1.069683e+00
1.079999999999832e+00	1.563255e+00	1.079682e+00
1.089999999999832e+00	1.573673e+00	1.089682e+00
1.099999999999832e+00	1.584087e+00	1.099681e+00
1.109999999999832e+00	1.594497e+00	1.109680e+00
1.119999999999832e+00	1.604903e+00	1.119680e+00
1.129999999999832e+00	1.615306e+00	1.129679e+00
1.139999999999832e+00	1.625705e+00	1.139678e+00
1.149999999999832e+00	1.636101e+00	1.149678e+00
1.159999999999832e+00	1.646493e+00	1.159677e+00
1.169999999999832e+00	1.656882e+00	1.169676e+00
1.179999999999832e+00	1.667268e+00	1.179676e+00
1.189999999999832e+00	1.677650e+00	1.189675e+00
1.199999999999832e+00	1.688030e+00	1.199674e+00
1.209999999999832e+00	1.698406e+00	1.209674e+00
1.219999999999832e+00	1.708779e+00	1.219673e+00
1.229999999999832e+00	1.719148e+00	1.229672e+00
1.239999999999832e+00	1.729515e+00	1.239672e+00
1.249999999999832e+00	1.739879e+00	1.249671e+00
1.259999999999832e+00	1.750240e+00	1.259670e+00
1.269999999999832e+00	1.760598e+00	1.269670e+00
1.279999999999832e+00	1.770954e+00	1.279669e+00
1.289999999999832e+00	1.781306e+00	1.289669e+00
1.299999999999832e+00	1.791656e+00	1.299668e+00
1.309999999999832e+00	1.802004e+00	1.309667e+00
1.319999999999832e+00	1.812348e+00	1.319667e+00
1.329999999999832e+00	1.822690e+00	1.329666e+00
1.339999999999832e+00	1.833029e+00	1.339665e+00
1.349999999999832e+00	1.843366e+00	1.349665e+00
1.359999999999832e+00	1.853701e+00	1.359664e+00
1.369999999999832e+00	1.864033e+00	1.369663e+00
1.379999999999832e+00	1.874362e+00	1.379663e+00
1.389999999999832e+00	1.884689e+00	1.389662e+00
1.399999999999832e+00	1.895014e+00	1.399661e+00
1.409999999999832e+00	1.905336e+00	1.409661e+00
1.419999999999832e+00	1.915657e+00	1.419660e+00
1.429999999999832e+00	1.925975e+00	1.429659e+00
1.439999999999832e+00	1.936290e+00	1.439659e+00
1.449999999999832e+00	1.946604e+00	1.449658e+00
1.459999999999832e+00	1.956915e+00	1.459657e+00
1.469999999999832e+00	1.967224e+00	1.469657e+00
1.479999999999832e+00	1.977532e+00	1.479656e+00
1.489999999999832e+00	1.987837e+00	1.489655e+00
1.499999999999832e+00	1.998140e+00	1.499655e+00
1.509999999999832e+00	2.008441e+00	1.509654e+00
1.519999999999832e+00	2.018740e+00	1.519653e+00
1.529999999999832e+00	2.029037e+00	1.529653e+00
1.539999999999832e+00	2.039332e+00	1.539652e+00
1.549999999999832e+00	2.049625e+00	1.549651e+00
1.559999999999832e+00	2.059917e+00	1.559651e+00
1.569999999999832e+00	2.070206e+00	1.569650e+00
1.579999999999832e+00	2.080494e+00	1.579649e+00
1.589999999999832e+00	2.090780e+00	1.589649e+00
1.599999999999832e+00	2.101064e+00	1.599648e+00
1.609999999999832e+00	2.111346e+00	1.609647e+00
1.619999999999832e+00	2.121627e+00	1.619647e+00
1.629999999999832e+00	2.131905e+00	1.629646e+00
1.639999999999832e+00	2.142182e+00	1.639645e+00
1.649999999999832e+00	2.152458e+00	1.649645e+00
1.659999999999832e+00	2.162732e+00	1.659644e+00
1.669999999999832e+00	2.173004e+00	1.669643e+00
1.679999999999832e+00	2.183274e+00	1.679643e+00
1.689999999999832e+00	2.193543e+00	1.689642e+00
1.699999999999832e+00	2.203810e+00	1.699641e+00
1.709999999999832e+00	2.214076e+00	1.709641e+00
1.719999999999832e+00	2.224340e+00	1.719640e+00
1.729999999999832e+00	2.234603e+00	1.729640e+00
1.739999999999832e+00	2.244864e+00	1.739639e+00
1.749999999999832e+00	2.255123e+00	1.749638e+00
1.759999999999832e+00	2.265382e+00	1.759637e+00
1.769999999999832e+00	2.275638e+00	1.769637e+00
1.779999999999832e+00	2.285893e+00	1.779636e+00
1.789999999999832e+00	2.296147e+00	1.789636e+00
1.799999999999832e+00	2.306400e+00	1.799635e+00
1.809999999999832e+00	2.316651e+00	1.809634e+00
1.819999999999832e+00	2.326900e+00	1.819633e+00
1.829999999999832e+00	2.337148e+00	1.829633e+00
1.839999999999832e+00	2.347395e+00	1.839632e+00
1.849999999999832e+00	2.357641e+00	1.849632e+00
1.859999999999832e+00	2.367885e+00	1.859631e+00
1.869999999999832e+00	2.378128e+00	1.869630e+00
1.879999999999832e+00	2.388370e+00	1.879630e+00
1.889999999999832e+00	2.398610e+00	1.889629e+00
1.899999999999832e+00	2.408849e+00	1.899628e+00
1.909999999999832e+00	2.419087e+00	1.909628e+00
1.919999999999833e+00	2.429323e+00	1.919627e+00
1.929999999999833e+00	2.439559e+00	1.929626e+00
1.939999999999833e+00	2.449793e+00	1.939626e+00
1.949999999999833e+00	2.460026e+00	1.949625e+00
1.959999999999833e+00	2.470257e+00	1.959624e+00
1.969999999999833e+00	2.480488e+00	1.969624e+00
1.979999999999833e+00	2.490717e+00	1.979623e+00
1.989999999999833e+00	2.500946e+00	1.989622e+00
1.999999999999833e+00	2.511173e+00	1.999622e+00
2.009999999999832e+00	2.521399e+00	2.009621e+00
2.019999999999832e+00	2.531623e+00	2.019620e+00
2.029999999999832e+00	2.541847e+00	2.029620e+00
2.039999999999832e+00	2.552069e+00	2.039619e+00
2.049999999999832e+00	2.562291e+00	2.049618e+00
2.059999999999831e+00	2.572511e+00	2.059618e+00
2.069999999999831e+00	2.582731e+00	2.069617e+00
2.079999999999831e+00	2.592949e+00	2.079616e+00
2.089999999999831e+00	2.603166e+00	2.089616e+00
2.099999999999830e+00	2.613383e+00	2.099615e+00
2.109999999999830e+00	2.623598e+00	2.109614e+00
2.119999999999830e+00	2.633812e+00	2.119614e+00
2.129999999999830e+00	2.644025e+00	2.129613e+00
2.139999999999830e+00	2.654237e+00	2.139612e+00
2.149999999999829e+00	2.664448e+00	2.149612e+00
2.159999999999829e+00	2.674659e+00	2.159611e+00
2.169999999999829e+00	2.684868e+00	2.169610e+00
2.179999999999829e+00	2.695076e+00	2.179610e+00
2.189999999999829e+00	2.705283e+00	2.189609e+00
2.199999999999828e+00	2.715490e+00	2.199608e+00
2.209999999999828e+00	2.725695e+00	2.209608e+00
2.219999999999828e+00	2.735900e+00	2.219607e+00
2.229999999999828e+00	2.746103e+00	2.229606e+00
2.239999999999827e+00	2.756306e+00	2.239606e+00
2.249999999999827e+00	2.766508e+00	2.249605e+00
2.259999999999827e+00	2.776709e+00	2.259604e+00
2.269999999999827e+00	2.786909e+00	2.269604e+00
2.279999999999827e+00	2.797108e+00	2.279603e+00
2.289999999999826e+00	2.807306e+00	2.289602e+00
2.299999999999826e+00	2.817503e+00	2.299602e+00
2.309999999999826e+00	2.827700e+00	2.309601e+00
2.319999999999826e+00	2.837895e+00	2.319600e+00
2.329999999999826e+00	2.848090e+00	2.329600e+00
2.339999999999825e+00	2.858284e+00	2.339599e+00
2.349999999999825e+00	2.868477e+00	2.349598e+00
2.359999999999825e+00	2.878670e+00	2.359598e+00
2.369999999999825e+00	2.888861e+00	2.369597e+00
2.379999999999824e+00	2.899052e+00	2.379596e+00
2.389999999999824e+00	2.909242e+00	2.389596e+00
2.399999999999824e+00	2.919431e+00	2.399595e+00
2.409999999999824e+00	2.929619e+00	2.409594e+00
2.419999999999824e+00	2.939807e+00	2.419594e+00
2.429999999999823e+00	2.949994e+00	2.429593e+00
2.439999999999823e+00	2.960180e+00	2.439592e+00
2.449999999999823e+00	2.970365e+00	2.449592e+00
2.459999999999823e+00	2.980549e+00	2.459591e+00
2.469999999999823e+00	2.990733e+00	2.469590e+00
2.479999999999822e+00	3.000916e+00	2.479590e+00
2.489999999999822e+00	3.011098e+00	2.489589e+00
2.499999999999822e+00	3.021280e+00	2.499588e+00
2.509999999999822e+00	3.031461e+00	2.509588e+00
2.519999999999821e+00	3.041641e+00	2.519587e+00
2.529999999999821e+00	3.051820e+00	2.529586e+00
2.539999999999821e+00	3.061999e+00	2.539586e+00
2.549999999999821e+00	3.072177e+00	2.549585e+00
2.559999999999821e+00	3.082354e+00	2.559584e+00
2.569999999999820e+00	3.092530e+00	2.569584e+00
2.579999999999820e+00	3.102706e+00	2.579583e+00
2.589999999999820e+00	3.112882e+00	2.589582e+00
2.599999999999820e+00	3.123056e+00	2.599582e+00
2.609999999999820e+00	3.133230e+00	2.609581e+00
2.619999999999819e+00	3.143403e+00	2.619581e+00
2.629999999999819e+00	3.153576e+00	2.629580e+00
2.639999999999819e+00	3.163748e+00	2.639579e+00
2.649999999999819e+00	3.173919e+00	2.649578e+00
2.659999999999819e+00	3.184089e+00	2.659578e+00
2.669999999999818e+00	3.194259e+00	2.669577e+00
2.679999999999818e+00	3.204429e+00	2.679576e+00
2.689999999999818e+00	3.214597e+00	2.689576e+00
2.699999999999818e+00	3.224766e+00	2.699575e+00
2.709999999999817e+00	3.234933e+00	2.709574e+00
2.719999999999817e+00	3.245100e+00	2.719574e+00
2.729999999999817e+00	3.255266e+00	2.729573e+00
2.739999999999817e+00	3.265431e+00	2.739573e+00
2.749999999999817e+00	3.275596e+00	2.749572e+00
2.759999999999816e+00	3.285761e+00	2.759571e+00
2.769999999999816e+00	3.295925e+00	2.769570e+00
2.779999999999816e+00	3.306088e+00	2.779570e+00
2.789999999999816e+00	3.316251e+00	2.789569e+00
2.799999999999816e+00	3.326412e+00	2.799568e+00
2.809999999999815e+00	3.336574e+00	2.809568e+00
2.819999999999815e+00	3.346735e+00	2.819567e+00
2.829999999999815e+00	3.356895e+00	2.829566e+00
2.839999999999815e+00	3.367055e+00	2.839566e+00
2.849999999999814e+00	3.377214e+00	2.849565e+00
2.859999999999814e+00	3.387373e+00	2.859565e+00
2.869999999999814e+00	3.397531e+00	2.869564e+00
2.879999999999814e+00	3.407688e+00	2.879563e+00
2.889999999999814e+00	3.417845e+00	2.889562e+00
2.899999999999813e+00	3.428002e+00	2.899562e+00
2.909999999999813e+00	3.438158e+00	2.909561e+00
2.919999999999813e+00	3.448313e+00	2.919560e+00
2.929999999999813e+00	3.458468e+00	2.929560e+00
2.939999999999813e+00	3.468622e+00	2.939559e+00
2.949999999999812e+00	3.478776e+00	2.949558e+00
2.959999999999812e+00	3.488929e+00	2.959558e+00
2.969999999999812e+00	3.499082e+00	2.969557e+00
2.979999999999812e+00	3.509234e+00	2.979556e+00
2.989999999999811e+00	3.519386e+00	2.989556e+00
2.999999999999811e+00	3.529537e+00	2.999555e+00
3.009999999999811e+00	3.539688e+00	3.009554e+00
3.019999999999811e+00	3.549838e+00	3.019554e+00
3.029999999999811e+00	3.559988e+00	3.029553e+00
3.039999999999810e+00	3.570137e+00	3.039552e+00
3.049999999999810e+00	3.580286e+00	3.049552e+00
3.059999999999810e+00	3.590434e+00	3.059551e+00
3.069999999999810e+00	3.600581e+00	3.069551e+00
3.079999999999810e+00	3.610729e+00	3.079550e+00
3.089999999999809e+00	3.620875e+00	3.089549e+00
3.099999999999809e+00	3.631022e+00	3.099548e+00
3.109999999999809e+00	3.641168e+00	3.109548e+00
3.119999999999809e+00	3.651313e+00	3.119547e+00
3.129999999999808e+00	3.661458e+00	3.129546e+00
3.139999999999808e+00	3.671602e+00	3.139546e+00
3.149999999999808e+00	3.681746e+00	3.149545e+00
3.159999999999808e+00	3.691890e+00	3.159544e+00
3.169999999999808e+00	3.702033e+00	3.169544e+00
3.179999999999807e+00	3.712176e+00	3.179543e+00
3.189999999999807e+00	3.722318e+00	3.189542e+00
3.199999999999807e+00	3.732460e+00	3.199542e+00
3.209999999999807e+00	3.742601e+00	3.209541e+00
3.219999999999807e+00	3.752742e+00	3.219540e+00
3.229999999999806e+00	3.762882e+00	3.229540e+00
3.239999999999806e+00	3.773022e+00	3.239539e+00
3.249999999999806e+00	3.783161e+00	3.249538e+00
3.259999999999806e+00	3.793301e+00	3.259538e+00
3.269999999999806e+00	3.803439e+00	3.269537e+00
3.279999999999805e+00	3.813578e+00	3.279536e+00
3.289999999999805e+00	3.823715e+00	3.289536e+00
3.299999999999805e+00	3.833853e+00	3.299535e+00
3.309999999999805e+00	3.843990e+00	3.309534e+00
3.319999999999804e+00	3.854126e+00	3.319534e+00
3.329999999999804e+00	3.864263e+00	3.329533e+00
3.339999999999804e+00	3.874398e+00	3.339532e+00
3.349999999999804e+00	3.884534e+00	3.349532e+00
3.359999999999804e+00	3.894669e+00	3.359531e+00
3.369999999999803e+00	3.904803e+00	3.369530e+00
3.379999999999803e+00	3.914937e+00	3.379530e+00
3.389999999999803e+00	3.925071e+00	3.389529e+00
3.399999999999803e+00	3.935205e+00	3.399528e+00
3.409999999999803e+00	3.945338e+00	3.409528e+00
3.419999999999802e+00	3.955470e+00	3.419527e+00
3.429999999999802e+00	3.965602e+00	3.429526e+00
3.439999999999802e+00	3.975734e+00	3.439526e+00
3.449999999999802e+00	3.985866e+00	3.449525e+00
3.459999999999801e+00	3.995997e+00	3.459524e+00
3.469999999999801e+00	4.006127e+00	3.469524e+00
3.479999999999801e+00	4.016258e+00	3.479523e+00
3.489999999999801e+00	4.026388e+00	3.489522e+00
3.499999999999801e+00	4.036517e+00	3.499522e+00
3.509999999999800e+00	4.046646e+00	3.509521e+00
3.519999999999800e+00	4.056775e+00	3.519520e+00
3.529999999999800e+00	4.066904e+00	3.529520e+00
3.539999999999800e+00	4.077032e+00	3.539519e+00
3.549999999999800e+00	4.087159e+00	3.549518e+00
3.559999999999799e+00	4.097287e+00	3.559518e+00
3.569999999999799e+00	4.107414e+00	3.569517e+00
3.579999999999799e+00	4.117540e+00	3.579516e+00
3.589999999999799e+00	4.127666e+00	3.589516e+00
3.599999999999798e+00	4.137793e+00	3.599515e+00
3.609999999999798e+00	4.147918e+00	3.609514e+00
3.619999999999798e+00	4.158043e+00	3.619514e+00
3.629999999999798e+00	4.168169e+00	3.629513e+00
3.639999999999798e+00	4.178293e+00	3.639512e+00
3.649999999999797e+00	4.188417e+00	3.649512e+00
3.659999999999797e+00	4.198541e+00	3.659511e+00
3.669999999999797e+00	4.208664e+00	3.669510e+00
3.679999999999797e+00	4.218788e+00	3.679510e+00
3.689999999999797e+00	4.228910e+00	3.689509e+00
3.699999999999796e+00	4.239033e+00	3.699508e+00
3.709999999999796e+00	4.249156e+00	3.709507e+00
3.719999999999796e+00	4.259277e+00	3.719507e+00
3.729999999999796e+00	4.269399e+00	3.729506e+00
3.739999999999795e+00	4.279520e+00	3.739506e+00
3.749999999999795e+00	4.289641e+00	3.749505e+00
3.759999999999795e+00	4.299761e+00	3.759504e+00
3.769999999999795e+00	4.309882e+00	3.769504e+00
3.779999999999795e+00	4.320002e+00	3.779503e+00
3.789999999999794e+00	4.330121e+00	3.789502e+00
3.799999999999794e+00	4.340240e+00	3.799501e+00
3.809999999999794e+00	4.350359e+00	3.809501e+00
3.819999999999794e+00	4.360478e+00	3.819500e+00
3.829999999999794e+00	4.370596e+00	3.829499e+00
3.839999999999793e+00	4.380714e+00	3.839499e+00
3.849999999999793e+00	4.390832e+00	3.849498e+00
3.859999999999793e+00	4.400950e+00	3.859498e+00
3.869999999999793e+00	4.411067e+00	3.869497e+00
3.879999999999793e+00	4.421184e+00	3.879496e+00
3.889999999999792e+00	4.431300e+00	3.889495e+00
3.899999999999792e+00	4.441417e+00	3.899495e+00
3.909999999999792e+00	4.451532e+00	3.909494e+00
3.919999999999792e+00	4.461648e+00	3.919493e+00
3.929999999999791e+00	4.471764e+00	3.929493e+00
3.939999999999791e+00	4.481878e+00	3.939492e+00
3.949999999999791e+00	4.491993e+00	3.949492e+00
3.959999999999791e+00	4.502108e+00	3.959491e+00
3.969999999999791e+00	4.512222e+00	3.969490e+00
3.979999999999790e+00	4.522336e+00	3.979489e+00
3.989999999999790e+00	4.532449e+00	3.989489e+00
3.999999999999790e+00	4.542562e+00	3.999488e+00
4.009999999999790e+00	4.552676e+00	4.009488e+00
4.019999999999790e+00	4.562788e+00	4.019487e+00
4.029999999999790e+00	4.572901e+00	4.029486e+00
4.039999999999790e+00	4.583013e+00	4.039485e+00
4.049999999999789e+00	4.593125e+00	4.049485e+00
4.059999999999789e+00	4.603237e+00	4.059484e+00
4.069999999999789e+00	4.613348e+00	4.069483e+00
4.079999999999789e+00	4.623459e+00	4.079483e+00
4.089999999999788e+00	4.633570e+00	4.089482e+00
4.099999999999788e+00	4.643681e+00	4.099481e+00
4.109999999999788e+00	4.653791e+00	4.109481e+00
4.119999999999788e+00	4.663901e+00	4.119480e+00
4.129999999999788e+00	4.674011e+00	4.129479e+00
4.139999999999787e+00	4.684120e+00	4.139479e+00
4.149999999999787e+00	4.694229e+00	4.149478e+00
4.159999999999787e+00	4.704338e+00	4.159477e+00
4.169999999999787e+00	4.714447e+00	4.169477e+00
4.179999999999787e+00	4.724555e+00	4.179476e+00
4.189999999999786e+00	4.734663e+00	4.189475e+00
4.199999999999786e+00	4.744771e+00	4.199475e+00
4.209999999999786e+00	4.754879e+00	4.209474e+00
4.219999999999786e+00	4.764987e+00	4.219473e+00
4.229999999999785e+00	4.775094e+00	4.229473e+00
4.239999999999785e+00	4.785201e+00	4.239472e+00
4.249999999999785e+00	4.795307e+00	4.249471e+00
4.259999999999785e+00	4.805414e+00	4.259470e+00
4.269999999999785e+00	4.815520e+00	4.269470e+00
4.279999999999784e+00	4.825625e+00	4.279469e+00
4.289999999999784e+00	4.835731e+00	4.289469e+00
4.299999999999784e+00	4.845837e+00	4.299468e+00
4.309999999999784e+00	4.855942e+00	4.309467e+00
4.319999999999784e+00	4.866046e+00	4.319467e+00
4.329999999999783e+00	4.876151e+00	4.329466e+00
4.339999999999783e+00	4.886256e+00	4.339465e+00
4.349999999999783e+00	4.896360e+00	4.349464e+00
4.359999999999783e+00	4.906464e+00	4.359464e+00
4.369999999999783e+00	4.916567e+00	4.369463e+00
4.379999999999782e+00	4.926671e+00	4.379462e+00
4.389999999999782e+00	4.936774e+00	4.389462e+00
4.399999999999782e+00	4.946877e+00	4.399461e+00
4.409999999999782e+00	4.956980e+00	4.409461e+00
4.419999999999781e+00	4.967083e+00	4.419460e+00
4.429999999999781e+00	4.977185e+00	4.429459e+00
4.439999999999781e+00	4.987287e+00	4.439458e+00
4.449999999999781e+00	4.997389e+00	4.449458e+00
4.459999999999781e+00	5.007490e+00	4.459457e+00
4.469999999999780e+00	5.017591e+00	4.469456e+00
4.479999999999780e+00	5.027693e+00	4.479456e+00
4.489999999999780e+00	5.037794e+00	4.489455e+00
4.499999999999780e+00	5.047894e+00	4.499454e+00
4.509999999999780e+00	5.057995e+00	4.509454e+00
4.519999999999779e+00	5.068095e+00	4.519453e+00
4.529999999999779e+00	5.078195e+00	4.529452e+00
4.539999999999779e+00	5.088295e+00	4.539452e+00
4.549999999999779e+00	5.098394e+00	4.549451e+00
4.559999999999778e+00	5.108494e+00	4.559450e+00
4.569999999999778e+00	5.118593e+00	4.569449e+00
4.579999999999778e+00	5.128692e+00	4.579449e+00
4.589999999999778e+00	5.138791e+00	4.589448e+00
4.599999999999778e+00	5.148889e+00	4.599448e+00
4.609999999999777e+00	5.158988e+00	4.609447e+00
4.619999999999777e+00	5.169086e+00	4.619446e+00
4.629999999999777e+00	5.179183e+00	4.629446e+00
4.639999999999777e+00	5.189281e+00	4.639445e+00
4.649999999999777e+00	5.199378e+00	4.649444e+00
4.659999999999776e+00	5.209476e+00	4.659443e+00
4.669999999999776e+00	5.219573e+00	4.669443e+00
4.679999999999776e+00	5.229670e+00	4.679442e+00
4.689999999999776e+00	5.239766e+00	4.689442e+00
4.699999999999775e+00	5.249863e+00	4.699441e+00
4.709999999999775e+00	5.259959e+00	4.709440e+00
4.719999999999775e+00	5.270055e+00	4.719440e+00
4.729999999999775e+00	5.280151e+00	4.729439e+00
4.739999999999775e+00	5.290246e+00	4.739438e+00
4.749999999999774e+00	5.300342e+00	4.749437e+00
4.759999999999774e+00	5.310437e+00	4.759437e+00
4.769999999999774e+00	5.320532e+00	4.769436e+00
4.779999999999774e+00	5.330626e+00	4.779436e+00
4.789999999999774e+00	5.340721e+00	4.789435e+00
4.799999999999773e+00	5.350816e+00	4.799434e+00
4.809999999999773e+00	5.360910e+00	4.809433e+00
4.819999999999773e+00	5.371004e+00	4.819433e+00
4.829999999999773e+00	5.381098e+00	4.829432e+00
4.839999999999772e+00	5.391191e+00	4.839431e+00
4.849999999999772e+00	5.401285e+00	4.849431e+00
4.859999999999772e+00	5.411378e+00	4.859430e+00
4.869999999999772e+00	5.421471e+00	4.869430e+00
4.879999999999772e+00	5.431564e+00	4.879429e+00
4.889999999999771e+00	5.441656e+00	4.889428e+00
4.899999999999771e+00	5.451749e+00	4.899427e+00
4.909999999999771e+00	5.461841e+00	4.909427e+00
4.919999999999771e+00	5.471933e+00	4.919426e+00
4.929999999999771e+00	5.482025e+00	4.929425e+00
4.939999999999770e+00	5.492117e+00	4.939425e+00
4.949999999999770e+00	5.502208e+00	4.949424e+00
4.959999999999770e+00	5.512300e+00	4.959423e+00
4.969999999999770e+00	5.522391e+00	4.969423e+00
4.979999999999769e+00	5.532482e+00	4.979422e+00
4.989999999999769e+00	5.542572e+00	4.989421e+00
4.999999999999769e+00	5.552663e+00	4.999421e+00
5.009999999999769e+00	5.562754e+00	5.009420e+00
5.019999999999769e+00	5.572844e+00	5.019419e+00
5.029999999999768e+00	5.582934e+00	5.029418e+00
5.039999999999768e+00	5.593024e+00	5.039418e+00
5.049999999999768e+00	5.603114e+00	5.049417e+00
5.059999999999768e+00	5.613203e+00	5.059416e+00
5.069999999999768e+00	5.623292e+00	5.069416e+00
5.079999999999767e+00	5.633381e+00	5.079415e+00
5.089999999999767e+00	5.643470e+00	5.089415e+00
5.099999999999767e+00	5.653559e+00	5.099414e+00
5.109999999999767e+00	5.663648e+00	5.109413e+00
5.119999999999767e+00	5.673737e+00	5.119412e+00
5.129999999999766e+00	5.683825e+00	5.129412e+00
5.139999999999766e+00	5.693913e+00	5.139411e+00
5.149999999999766e+00	5.704001e+00	5.149410e+00
5.159999999999766e+00	5.714088e+00	5.159410e+00
5.169999999999765e+00	5.724176e+00	5.169409e+00
5.179999999999765e+00	5.734264e+00	5.179409e+00
5.189999999999765e+00	5.744351e+00	5.189408e+00
5.199999999999765e+00	5.754438e+00	5.199407e+00
5.209999999999765e+00	5.764525e+00	5.209406e+00
5.219999999999764e+00	5.774612e+00	5.219406e+00
5.229999999999764e+00	5.784698e+00	5.229405e+00
5.239999999999764e+00	5.794785e+00	5.239404e+00
5.249999999999764e+00	5.804871e+00	5.249403e+00
5.259999999999764e+00	5.814957e+00	5.259403e+00
5.269999999999763e+00	5.825043e+00	5.269403e+00
5.279999999999763e+00	5.835129e+00	5.279402e+00
5.289999999999763e+00	5.845214e+00	5.289401e+00
5.299999999999763e+00	5.855300e+00	5.299400e+00
5.309999999999762e+00	5.865386e+00	5.309400e+00
5.319999999999762e+00	5.875471e+00	5.319399e+00
5.329999999999762e+00	5.885555e+00	5.329398e+00
5.339999999999762e+00	5.895640e+00	5.339397e+00
5.349999999999762e+00	5.905725e+00	5.349397e+00
5.359999999999761e+00	5.915810e+00	5.359396e+00
5.369999999999761e+00	5.925894e+00	5.369395e+00
5.379999999999761e+00	5.935978e+00	5.379395e+00
5.389999999999761e+00	5.946062e+00	5.389394e+00
5.399999999999761e+00	5.956146e+00	5.399394e+00
5.409999999999760e+00	5.966229e+00	5.409393e+00
5.419999999999760e+00	5.976313e+00	5.419392e+00
5.429999999999760e+00	5.986397e+00	5.429391e+00
5.439999999999760e+00	5.996480e+00	5.439391e+00
5.449999999999759e+00	6.006563e+00	5.449390e+00
5.459999999999759e+00	6.016646e+00	5.459389e+00
5.469999999999759e+00	6.026729e+00	5.469388e+00
5.479999999999759e+00	6.036811e+00	5.479388e+00
5.489999999999759e+00	6.046894e+00	5.489388e+00
5.499999999999758e+00	6.056976e+00	5.499387e+00
5.509999999999758e+00	6.067059e+00	5.509386e+00
5.519999999999758e+00	6.077140e+00	5.519385e+00
5.529999999999758e+00	6.087222e+00	5.529385e+00
5.539999999999758e+00	6.097304e+00	5.539384e+00
5.549999999999757e+00	6.107386e+00	5.549383e+00
5.559999999999757e+00	6.117467e+00	5.559382e+00
5.569999999999757e+00	6.127548e+00	5.569382e+00
5.579999999999757e+00	6.137630e+00	5.579381e+00
5.589999999999756e+00	6.147711e+00	5.589381e+00
5.599999999999756e+00	6.157792e+00	5.599380e+00
5.609999999999756e+00	6.167872e+00	5.609379e+00
5.619999999999756e+00	6.177953e+00	5.619379e+00
5.629999999999756e+00	6.188033e+00	5.629378e+00
5.639999999999755e+00	6.198113e+00	5.639377e+00
5.649999999999755e+00	6.208194e+00	5.649376e+00
5.659999999999755e+00	6.218274e+00	5.659376e+00
5.669999999999755e+00	6.228354e+00	5.669375e+00
5.679999999999755e+00	6.238433e+00	5.679374e+00
5.689999999999754e+00	6.248513e+00	5.689373e+00
5.699999999999754e+00	6.258592e+00	5.699373e+00
5.709999999999754e+00	6.268672e+00	5.709373e+00
5.719999999999754e+00	6.278751e+00	5.719372e+00
5.729999999999754e+00	6.288830e+00	5.729371e+00
5.739999999999753e+00	6.298909e+00	5.739370e+00
5.749999999999753e+00	6.308988e+00	5.749370e+00
5.759999999999753e+00	6.319066e+00	5.759369e+00
5.769999999999753e+00	6.329144e+00	5.769368e+00
5.779999999999752e+00	6.339223e+00	5.779367e+00
5.789999999999752e+00	6.349301e+00	5.789367e+00
5.799999999999752e+00	6.359379e+00	5.799366e+00
5.809999999999752e+00	6.369457e+00	5.809366e+00
5.819999999999752e+00	6.379535e+00	5.819365e+00
5.829999999999751e+00	6.389613e+00	5.829364e+00
5.839999999999751e+00	6.399690e+00	5.839364e+00
5.849999999999751e+00	6.409768e+00	5.849363e+00
5.859999999999751e+00	6.419845e+00	5.859362e+00
5.869999999999751e+00	6.429922e+00	5.869361e+00
5.879999999999750e+00	6.439999e+00	5.879361e+00
5.889999999999750e+00	6.450076e+00	5.889360e+00
5.899999999999750e+00	6.460153e+00	5.899359e+00
5.909999999999750e+00	6.470229e+00	5.909359e+00
5.919999999999749e+00	6.480306e+00	5.919358e+00
5.929999999999749e+00	6.490382e+00	5.929358e+00
5.939999999999749e+00	6.500458e+00	5.939357e+00
5.949999999999749e+00	6.510534e+00	5.949356e+00
5.959999999999749e+00	6.520610e+00	5.959355e+00
5.969999999999748e+00	6.530686e+00	5.969355e+00
5.979999999999748e+00	6.540762e+00	5.979354e+00
5.989999999999748e+00	6.550838e+00	5.989353e+00
5.999999999999748e+00	6.560913e+00	5.999352e+00
6.009999999999748e+00	6.570988e+00	6.009352e+00
6.019999999999747e+00	6.581064e+00	6.019351e+00
6.029999999999747e+00	6.591139e+00	6.029351e+00
6.039999999999747e+00	6.601213e+00	6.039350e+00
6.049999999999747e+00	6.611289e+00	6.049349e+00
6.059999999999746e+00	6.621363e+00	6.059349e+00
6.069999999999746e+00	6.631438e+00	6.069348e+00
6.079999999999746e+00	6.641512e+00	6.079347e+00
6.089999999999746e+00	6.651587e+00	6.089346e+00
6.099999999999746e+00	6.661661e+00	6.099346e+00
6.109999999999745e+00	6.671735e+00	6.109345e+00
6.119999999999745e+00	6.681809e+00	6.119344e+00
6.129999999999745e+00	6.691883e+00	6.129344e+00
6.139999999999745e+00	6.701957e+00	6.139343e+00
6.149999999999745e+00	6.712030e+00	6.149343e+00
6.159999999999744e+00	6.722104e+00	6.159342e+00
6.169999999999744e+00	6.732177e+00	6.169341e+00
6.179999999999744e+00	6.742250e+00	6.179340e+00
6.189999999999744e+00	6.752324e+00	6.189340e+00
6.199999999999743e+00	6.762396e+00	6.199339e+00
6.209999999999743e+00	6.772470e+00	6.209338e+00
6.219999999999743e+00	6.782542e+00	6.219337e+00
6.229999999999743e+00	6.792615e+00	6.229337e+00
6.239999999999743e+00	6.802687e+00	6.239336e+00
6.249999999999742e+00	6.812760e+00	6.249336e+00
6.259999999999742e+00	6.822832e+00	6.259335e+00
6.269999999999742e+00	6.832904e+00	6.269334e+00
6.279999999999742e+00	6.842977e+00	6.279334e+00
6.289999999999742e+00	6.853048e+00	6.289333e+00
6.299999999999741e+00	6.863120e+00	6.299332e+00
6.309999999999741e+00	6.873192e+00	6.309331e+00
6.319999999999741e+00	6.883264e+00	6.319331e+00
6.329999999999741e+00	6.893335e+00	6.329330e+00
6.339999999999741e+00	6.903407e+00	6.339329e+00
6.349999999999740e+00	6.913478e+00	6.349329e+00
6.359999999999740e+00	6.923549e+00	6.359328e+00
6.369999999999740e+00	6.933620e+00	6.369328e+00
6.379999999999740e+00	6.943691e+00	6.379327e+00
6.389999999999739e+00	6.953762e+00	6.389326e+00
6.399999999999739e+00	6.963833e+00	6.399325e+00
6.409999999999739e+00	6.973903e+00	6.409325e+00
6.419999999999739e+00	6.983974e+00	6.419324e+00
6.429999999999739e+00	6.994044e+00	6.429323e+00
6.439999999999738e+00	7.004115e+00	6.439322e+00
6.449999999999738e+00	7.014184e+00	6.449322e+00
6.459999999999738e+00	7.024255e+00	6.459321e+00
6.469999999999738e+00	7.034325e+00	6.469320e+00
6.479999999999738e+00	7.044394e+00	6.479320e+00
6.489999999999737e+00	7.054464e+00	6.489319e+00
6.499999999999737e+00	7.064534e+00	6.499319e+00
6.509999999999737e+00	7.074604e+00	6.509318e+00
6.519999999999737e+00	7.084673e+00	6.519317e+00
6.529999999999736e+00	7.094742e+00	6.529316e+00
6.539999999999736e+00	7.104812e+00	6.539316e+00
6.549999999999736e+00	7.114881e+00	6.549315e+00
6.559999999999736e+00	7.124949e+00	6.559314e+00
6.569999999999736e+00	7.135018e+00	6.569314e+00
6.579999999999735e+00	7.145087e+00	6.579313e+00
6.589999999999735e+00	7.155156e+00	6.589312e+00
6.599999999999735e+00	7.165225e+00	6.599311e+00
6.609999999999735e+00	7.175293e+00	6.609311e+00
6.619999999999735e+00	7.185361e+00	6.619310e+00
6.629999999999734e+00	7.195430e+00	6.629310e+00
6.639999999999734e+00	7.205498e+00	6.639309e+00
6.649999999999734e+00	7.215566e+00	6.649308e+00
6.659999999999734e+00	7.225634e+00	6.659307e+00
6.669999999999733e+00	7.235702e+00	6.669307e+00
6.679999999999733e+00	7.245770e+00	6.679306e+00
6.689999999999733e+00	7.255837e+00	6.689305e+00
6.699999999999733e+00	7.265905e+00	6.699305e+00
6.709999999999733e+00	7.275972e+00	6.709304e+00
6.719999999999732e+00	7.286039e+00	6.719303e+00
6.729999999999732e+00	7.296107e+00	6.729303e+00
6.739999999999732e+00	7.306174e+00	6.739302e+00
6.749999999999732e+00	7.316241e+00	6.749301e+00
6.759999999999732e+00	7.326308e+00	6.759301e+00
6.769999999999731e+00	7.336375e+00	6.769300e+00
6.779999999999731e+00	7.346442e+00	6.779299e+00
6.789999999999731e+00	7.356508e+00	6.789299e+00
6.799999999999731e+00	7.366575e+00	6.799298e+00
6.809999999999730e+00	7.376641e+00	6.809297e+00
6.819999999999730e+00	7.386708e+00	6.819296e+00
6.829999999999730e+00	7.396774e+00	6.829296e+00
6.839999999999730e+00	7.406840e+00	6.839295e+00
6.849999999999730e+00	7.416906e+00	6.849295e+00
6.859999999999729e+00	7.426972e+00	6.859294e+00
6.869999999999729e+00	7.437038e+00	6.869293e+00
6.879999999999729e+00	7.447104e+00	6.879292e+00
6.889999999999729e+00	7.457170e+00	6.889292e+00
6.899999999999729e+00	7.467235e+00	6.899291e+00
6.909999999999728e+00	7.477301e+00	6.909290e+00
6.919999999999728e+00	7.487366e+00	6.919290e+00
6.929999999999728e+00	7.497431e+00	6.929289e+00
6.939999999999728e+00	7.507496e+00	6.939288e+00
6.949999999999728e+00	7.517561e+00	6.949287e+00
6.959999999999727e+00	7.527627e+00	6.959287e+00
6.969999999999727e+00	7.537692e+00	6.969286e+00
6.979999999999727e+00	7.547757e+00	6.979286e+00
6.989999999999727e+00	7.557821e+00	6.989285e+00
6.999999999999726e+00	7.567886e+00	6.999284e+00
7.009999999999726e+00	7.577950e+00	7.009284e+00
7.019999999999726e+00	7.588015e+00	7.019283e+00
7.029999999999726e+00	7.598079e+00	7.029282e+00
7.039999999999726e+00	7.608143e+00	7.039281e+00
7.049999999999725e+00	7.618208e+00	7.049281e+00
7.059999999999725e+00	7.628272e+00	7.059280e+00
7.069999999999725e+00	7.638336e+00	7.069279e+00
7.079999999999725e+00	7.648400e+00	7.079278e+00
7.089999999999725e+00	7.658463e+00	7.089278e+00
7.099999999999724e+00	7.668527e+00	7.099277e+00
7.109999999999724e+00	7.678591e+00	7.109277e+00
7.119999999999724e+00	7.688654e+00	7.119276e+00
7.129999999999724e+00	7.698718e+00	7.129275e+00
7.139999999999723e+00	7.708781e+00	7.139275e+00
7.149999999999723e+00	7.718845e+00	7.149274e+00
7.159999999999723e+00	7.728908e+00	7.159273e+00
7.169999999999723e+00	7.738971e+00	7.169272e+00
7.179999999999723e+00	7.749034e+00	7.179272e+00
7.189999999999722e+00	7.759097e+00	7.189271e+00
7.199999999999722e+00	7.769160e+00	7.199270e+00
7.209999999999722e+00	7.779222e+00	7.209270e+00
7.219999999999722e+00	7.789285e+00	7.219269e+00
7.229999999999722e+00	7.799348e+00	7.229269e+00
7.239999999999721e+00	7.809411e+00	7.239268e+00
7.249999999999721e+00	7.819473e+00	7.249267e+00
7.259999999999721e+00	7.829535e+00	7.259266e+00
7.269999999999721e+00	7.839597e+00	7.269266e+00
7.279999999999720e+00	7.849659e+00	7.279265e+00
7.289999999999720e+00	7.859722e+00	7.289264e+00
7.299999999999720e+00	7.869783e+00	7.299263e+00
7.309999999999720e+00	7.879846e+00	7.309263e+00
7.319999999999720e+00	7.889907e+00	7.319262e+00
7.329999999999719e+00	7.899969e+00	7.329261e+00
7.339999999999719e+00	7.910031e+00	7.339261e+00
7.349999999999719e+00	7.920092e+00	7.349260e+00
7.359999999999719e+00	7.930154e+00	7.359260e+00
7.369999999999719e+00	7.940215e+00	7.369259e+00
7.379999999999718e+00	7.950276e+00	7.379258e+00
7.389999999999718e+00	7.960338e+00	7.389257e+00
7.399999999999718e+00	7.970399e+00	7.399257e+00
7.409999999999718e+00	7.980460e+00	7.409256e+00
7.419999999999717e+00	7.990521e+00	7.419255e+00
7.429999999999717e+00	8.000582e+00	7.429255e+00
7.439999999999717e+00	8.010643e+00	7.439254e+00
7.449999999999717e+00	8.020703e+00	7.449253e+00
7.459999999999717e+00	8.030764e+00	7.459252e+00
7.469999999999716e+00	8.040825e+00	7.469252e+00
7.479999999999716e+00	8.050885e+00	7.479251e+00
7.489999999999716e+00	8.060946e+00	7.489250e+00
7.499999999999716e+00	8.071006e+00	7.499250e+00
7.509999999999716e+00	8.081066e+00	7.509249e+00
7.519999999999715e+00	8.091126e+00	7.519248e+00
7.529999999999715e+00	8.101186e+00	7.529248e+00
7.539999999999715e+00	8.111246e+00	7.539247e+00
7.549999999999715e+00	8.121306e+00	7.549246e+00
7.559999999999715e+00	8.131366e+00	7.559246e+00
7.569999999999714e+00	8.141426e+00	7.569245e+00
7.579999999999714e+00	8.151485e+00	7.579244e+00
7.589999999999714e+00	8.161545e+00	7.589244e+00
7.599999999999714e+00	8.171604e+00	7.599243e+00
7.609999999999713e+00	8.181664e+00	7.609242e+00
7.619999999999713e+00	8.191723e+00	7.619242e+00
7.629999999999713e+00	8.201782e+00	7.629241e+00
7.639999999999713e+00	8.211841e+00	7.639241e+00
7.649999999999713e+00	8.221899e+00	7.649241e+00
7.659999999999712e+00	8.231957e+00	7.659241e+00
7.669999999999712e+00	8.242015e+00	7.669241e+00
7.679999999999712e+00	8.252071e+00	7.679242e+00
7.689999999999712e+00	8.262127e+00	7.689243e+00
7.699999999999712e+00	8.272181e+00	7.699245e+00
7.709999999999711e+00	8.282232e+00	7.709249e+00
7.719999999999711e+00	8.292281e+00	7.719256e+00
7.729999999999711e+00	8.302324e+00	7.729265e+00
7.739999999999711e+00	8.312360e+00	7.739279e+00
7.749999999999710e+00	8.322386e+00	7.749300e+00
7.759999999999710e+00	8.332396e+00	7.759332e+00
7.769999999999710e+00	8.342382e+00	7.769378e+00
7.779999999999710e+00	8.352336e+00	7.779446e+00
7.789999999999710e+00	8.362242e+00	7.789546e+00
7.799999999999709e+00	8.372077e+00	7.799692e+00
7.809999999999709e+00	8.381815e+00	7.809904e+00
7.819999999999709e+00	8.391413e+00	7.820206e+00
7.829999999999709e+00	8.400820e+00	7.830635e+00
7.839999999999709e+00	8.409972e+00	7.841232e+00
7.849999999999708e+00	8.418793e+00	7.852048e+00
7.859999999999708e+00	8.427204e+00	7.863134e+00
7.869999999999708e+00	8.435128e+00	7.874542e+00
7.879999999999708e+00	8.442508e+00	7.886310e+00
7.889999999999707e+00	8.449300e+00	7.898465e+00
7.899999999999707e+00	8.455490e+00	7.911017e+00
7.909999999999707e+00	8.461085e+00	7.923963e+00
7.919999999999707e+00	8.466107e+00	7.937287e+00
7.929999999999707e+00	8.470587e+00	7.950969e+00
7.939999999999706e+00	8.474557e+00	7.964988e+00
7.949999999999706e+00	8.478051e+00	7.979321e+00
7.959999999999706e+00	8.481100e+00	7.993947e+00
7.969999999999706e+00	8.483730e+00	8.008850e+00
7.979999999999706e+00	8.485968e+00	8.024013e+00
7.989999999999705e+00	8.487837e+00	8.039418e+00
7.999999999999705e+00	8.489367e+00	8.055048e+00
8.009999999999705e+00	8.490588e+00	8.070881e+00
8.019999999999705e+00	8.491539e+00	8.086893e+00
8.029999999999704e+00	8.492262e+00	8.103055e+00
8.039999999999704e+00	8.492798e+00	8.119341e+00
8.049999999999704e+00	8.493187e+00	8.135724e+00
8.059999999999704e+00	8.493465e+00	8.152180e+00
8.069999999999704e+00	8.493661e+00	8.168690e+00
8.079999999999703e+00	8.493798e+00	8.185239e+00
8.089999999999703e+00	8.493893e+00	8.201816e+00
8.099999999999703e+00	8.493958e+00	8.218410e+00
8.109999999999703e+00	8.494002e+00	8.235018e+00
8.119999999999703e+00	8.494033e+00	8.251632e+00
8.129999999999702e+00	8.494054e+00	8.268248e+00
8.139999999999702e+00	8.494068e+00	8.284859e+00
8.149999999999702e+00	8.494078e+00	8.301455e+00
8.159999999999702e+00	8.494084e+00	8.318023e+00
8.169999999999702e+00	8.494089e+00	8.334532e+00
8.179999999999701e+00	8.494092e+00	8.350928e+00
8.189999999999701e+00	8.494094e+00	8.367121e+00
8.199999999999701e+00	8.494096e+00	8.382952e+00
8.209999999999701e+00	8.494097e+00	8.398175e+00
8.219999999999700e+00	8.494098e+00	8.412468e+00
8.229999999999700e+00	8.494098e+00	8.425488e+00
8.239999999999700e+00	8.494098e+00	8.436972e+00
8.249999999999700e+00	8.494099e+00	8.446896e+00
8.259999999999700e+00	8.494099e+00	8.455298e+00
8.269999999999699e+00	8.494099e+00	8.462375e+00
8.279999999999699e+00	8.494099e+00	8.468325e+00
8.289999999999699e+00	8.494099e+00	8.473329e+00
8.299999999999699e+00	8.494099e+00	8.477530e+00
8.309999999999699e+00	8.494099e+00	8.481043e+00
8.319999999999698e+00	8.494099e+00	8.483956e+00
8.329999999999698e+00	8.494099e+00	8.486341e+00
8.339999999999698e+00	8.494099e+00	8.488262e+00
8.349999999999698e+00	8.494099e+00	8.489779e+00
8.359999999999697e+00	8.494099e+00	8.490949e+00
8.369999999999697e+00	8.494099e+00	8.491831e+00
8.379999999999697e+00	8.494099e+00	8.492481e+00
8.389999999999697e+00	8.494099e+00	8.492952e+00
8.399999999999697e+00	8.494099e+00	8.493287e+00
8.409999999999696e+00	8.494099e+00	8.493523e+00
8.419999999999696e+00	8.494099e+00	8.493687e+00
8.429999999999696e+00	8.494099e+00	8.493800e+00
8.439999999999696e+00	8.494099e+00	8.493878e+00
8.449999999999696e+00	8.494099e+00	8.493932e+00
8.459999999999695e+00	8.494099e+00	8.493968e+00
8.469999999999695e+00	8.494099e+00	8.493993e+00
8.479999999999695e+00	8.494099e+00	8.494010e+00
8.489999999999695e+00	8.494099e+00	8.494021e+00
8.499999999999694e+00	8.494099e+00	8.494029e+00
8.509999999999694e+00	8.494099e+00	8.494034e+00
8.519999999999694e+00	8.494099e+00	8.494038e+00
8.529999999999694e+00	8.494099e+00	8.494040e+00
8.539999999999694e+00	8.494099e+00	8.494042e+00
8.549999999999693e+00	8.494099e+00	8.494043e+00
8.559999999999693e+00	8.494099e+00	8.494044e+00
8.569999999999693e+00	8.494099e+00	8.494044e+00
8.579999999999693e+00	8.494099e+00	8.494045e+00
8.589999999999693e+00	8.494099e+00	8.494045e+00
8.599999999999692e+00	8.494099e+00	8.494045e+00
8.609999999999692e+00	8.494099e+00	8.494045e+00
8.619999999999692e+00	8.494099e+00	8.494045e+00
8.629999999999692e+00	8.494099e+00	8.494045e+00
8.639999999999691e+00	8.494099e+00	8.494045e+00
8.649999999999691e+00	8.494099e+00	8.494045e+00
8.659999999999691e+00	8.494099e+00	8.494045e+00
8.669999999999691e+00	8.494099e+00	8.494045e+00
8.679999999999691e+00	8.494099e+00	8.494045e+00
8.689999999999690e+00	8.494099e+00	8.494045e+00
8.699999999999690e+00	8.494099e+00	8.494045e+00
8.709999999999690e+00	8.494099e+00	8.494045e+00
8.719999999999690e+00	8.494099e+00	8.494045e+00
8.729999999999690e+00	8.494099e+00	8.494045e+00
8.739999999999689e+00	8.494099e+00	8.494045e+00
8.749999999999689e+00	8.494099e+00	8.494045e+00
8.759999999999689e+00	8.494099e+00	8.494045e+00
8.769999999999689e+00	8.494099e+00	8.494045e+00
8.779999999999688e+00	8.494099e+00	8.494045e+00
8.789999999999688e+00	8.494099e+00	8.494045e+00
8.799999999999688e+00	8.494099e+00	8.494045e+00
8.809999999999688e+00	8.494099e+00	8.494045e+00
8.819999999999688e+00	8.494099e+00	8.494045e+00
8.829999999999687e+00	8.494099e+00	8.494045e+00
8.839999999999687e+00	8.494099e+00	8.494045e+00
8.849999999999687e+00	8.494099e+00	8.494045e+00
8.859999999999687e+00	8.494099e+00	8.494045e+00
8.869999999999687e+00	8.494099e+00	8.494045e+00
8.879999999999686e+00	8.494099e+00	8.494045e+00
8.889999999999686e+00	8.494099e+00	8.494045e+00
8.899999999999686e+00	8.494099e+00	8.494045e+00
8.909999999999686e+00	8.494099e+00	8.494045e+00
8.919999999999686e+00	8.494099e+00	8.494045e+00
8.929999999999685e+00	8.494099e+00	8.494045e+00
8.939999999999685e+00	8.494099e+00	8.494045e+00
8.949999999999685e+00	8.494099e+00	8.494045e+00
8.959999999999685e+00	8.494099e+00	8.494045e+00
8.969999999999684e+00	8.494099e+00	8.494045e+00
8.979999999999684e+00	8.494099e+00	8.494045e+00
8.989999999999684e+00	8.494099e+00	8.494045e+00
8.999999999999684e+00	8.494099e+00	8.494045e+00
9.009999999999684e+00	8.494099e+00	8.494045e+00
9.019999999999683e+00	8.494099e+00	8.494045e+00
9.029999999999683e+00	8.494099e+00	8.494045e+00
9.039999999999683e+00	8.494099e+00	8.494045e+00
9.049999999999683e+00	8.494099e+00	8.494045e+00
9.059999999999683e+00	8.494099e+00	8.494045e+00
9.069999999999682e+00	8.494099e+00	8.494045e+00
9.079999999999682e+00	8.494099e+00	8.494045e+00
9.089999999999682e+00	8.494099e+00	8.494045e+00
9.099999999999682e+00	8.494099e+00	8.494045e+00
9.109999999999681e+00	8.494099e+00	8.494045e+00
9.119999999999681e+00	8.494099e+00	8.494045e+00
9.129999999999681e+00	8.494099e+00	8.494045e+00
9.139999999999681e+00	8.494099e+00	8.494045e+00
9.149999999999681e+00	8.494099e+00	8.494045e+00
9.159999999999680e+00	8.494099e+00	8.494045e+00
9.169999999999680e+00	8.494099e+00	8.494045e+00
9.179999999999680e+00	8.494099e+00	8.494045e+00
9.189999999999680e+00	8.494099e+00	8.494045e+00
9.199999999999680e+00	8.494099e+00	8.494045e+00
9.209999999999679e+00	8.494099e+00	8.494045e+00
9.219999999999679e+00	8.494099e+00	8.494045e+00
9.229999999999679e+00	8.494099e+00	8.494045e+00
9.239999999999679e+00	8.494099e+00	8.494045e+00
9.249999999999678e+00	8.494099e+00	8.494045e+00
9.259999999999678e+00	8.494099e+00	8.494045e+00
9.269999999999678e+00	8.494099e+00	8.494045e+00
9.279999999999678e+00	8.494099e+00	8.494045e+00
9.289999999999678e+00	8.494099e+00	8.494045e+00
9.299999999999677e+00	8.494099e+00	8.494045e+00
9.309999999999677e+00	8.494099e+00	8.494045e+00
9.319999999999677e+00	8.494099e+00	8.494045e+00
9.329999999999677e+00	8.494099e+00	8.494045e+00
9.339999999999677e+00	8.494099e+00	8.494045e+00
9.349999999999676e+00	8.494099e+00	8.494045e+00
9.359999999999676e+00	8.494099e+00	8.494045e+00
9.369999999999676e+00	8.494099e+00	8.494045e+00
9.379999999999676e+00	8.494099e+00	8.494045e+00
9.389999999999675e+00	8.494099e+00	8.494045e+00
9.399999999999675e+00	8.494099e+00	8.494045e+00
9.409999999999675e+00	8.494099e+00	8.494045e+00
9.419999999999675e+00	8.494099e+00	8.494045e+00
9.429999999999675e+00	8.494099e+00	8.494045e+00
9.439999999999674e+00	8.494099e+00	8.494045e+00
9.449999999999674e+00	8.494099e+00	8.494045e+00
9.459999999999674e+00	8.494099e+00	8.494045e+00
9.469999999999674e+00	8.494099e+00	8.494045e+00
9.479999999999674e+00	8.494099e+00	8.494045e+00
9.489999999999673e+00	8.494099e+00	8.494045e+00
9.499999999999673e+00	8.494099e+00	8.494045e+00
9.509999999999673e+00	8.494099e+00	8.494045e+00
9.519999999999673e+00	8.494099e+00	8.494045e+00
9.529999999999673e+00	8.494099e+00	8.494045e+00
9.539999999999672e+00	8.494099e+00	8.494045e+00
9.549999999999672e+00	8.494099e+00	8.494045e+00
9.559999999999672e+00	8.494099e+00	8.494045e+00
9.569999999999672e+00	8.494099e+00	8.494045e+00
9.579999999999671e+00	8.494099e+00	8.494045e+00
9.589999999999671e+00	8.494099e+00	8.494045e+00
9.599999999999671e+00	8.494099e+00	8.494045e+00
9.609999999999671e+00	8.494099e+00	8.494045e+00
9.619999999999671e+00	8.494099e+00	8.494045e+00
9.629999999999670e+00	8.494099e+00	8.494045e+00
9.639999999999670e+00	8.494099e+00	8.494045e+00
9.649999999999670e+00	8.494099e+00	8.494045e+00
9.659999999999670e+00	8.494099e+00	8.494045e+00
9.669999999999670e+00	8.494099e+00	8.494045e+00
9.679999999999669e+00	8.494099e+00	8.494045e+00
9.689999999999669e+00	8.494099e+00	8.494045e+00
9.699999999999669e+00	8.494099e+00	8.494045e+00
9.709999999999669e+00	8.494099e+00	8.494045e+00
9.719999999999668e+00	8.494099e+00	8.494045e+00
9.729999999999668e+00	8.494099e+00	8.494045e+00
9.739999999999668e+00	8.494099e+00	8.494045e+00
9.749999999999668e+00	8.494099e+00	8.494045e+00
9.759999999999668e+00	8.494099e+00	8.494045e+00
9.769999999999667e+00	8.494099e+00	8.494045e+00
9.779999999999667e+00	8.494099e+00	8.494045e+00
9.789999999999667e+00	8.494099e+00	8.494045e+00
9.799999999999667e+00	8.494099e+00	8.494045e+00
9.809999999999667e+00	8.494099e+00	8.494045e+00
9.819999999999666e+00	8.494099e+00	8.494045e+00
9.829999999999666e+00	8.494099e+00	8.494045e+00
9.839999999999666e+00	8.494099e+00	8.494045e+00
9.849999999999666e+00	8.494099e+00	8.494045e+00
9.859999999999665e+00	8.494099e+00	8.494045e+00
9.869999999999665e+00	8.494099e+00	8.494045e+00
9.879999999999665e+00	8.494099e+00	8.494045e+00
9.889999999999665e+00	8.494099e+00	8.494045e+00
9.899999999999665e+00	8.494099e+00	8.494045e+00
9.909999999999664e+00	8.494099e+00	8.494045e+00
9.919999999999664e+00	8.494099e+00	8.494045e+00
9.929999999999664e+00	8.494099e+00	8.494045e+00
9.939999999999664e+00	8.494099e+00	8.494045e+00
9.949999999999664e+00	8.494099e+00	8.494045e+00
9.959999999999663e+00	8.494099e+00	8.494045e+00
9.969999999999663e+00	8.494099e+00	8.494045e+00
9.979999999999663e+00	8.494099e+00	8.494045e+00
9.989999999999663e+00	8.494099e+00	8.494045e+00
1.000000000000000e+01	8.494099e+00	8.494045e+00
